3.632690000000000051e-03
3.638220000000000169e-03
3.317619999999999857e-03
4.730640000000000366e-03
3.150469999999999833e-03
4.404719999999999989e-03
3.352260000000000136e-03
5.318559999999999954e-03
4.137830000000000327e-03
3.703720000000000189e-03
3.932719999999999792e-03
3.229259999999999856e-03
4.699570000000000136e-03
3.238620000000000214e-03
3.281019999999999943e-03
4.005449999999999809e-03
6.780010000000000377e-03
1.843130000000000115e-02
2.760939999999999922e-02
3.213860000000000328e-02
4.248489999999999905e-02
2.455819999999999878e-02
1.458500000000000074e-02
2.038289999999999894e-02
4.014890000000000125e-02
2.244319999999999996e-02
3.079739999999999908e-02
2.631870000000000043e-02
3.673680000000000001e-02
4.390469999999999789e-02
3.573729999999999962e-02
4.100159999999999916e-02
3.956280000000000213e-02
4.019339999999999719e-02
4.936600000000000016e-02
4.712589999999999835e-02
5.079000000000000181e-02
4.993449999999999972e-02
5.177240000000000314e-02
4.377079999999999860e-02
3.960840000000000194e-02
5.303349999999999731e-02
4.762059999999999904e-02
3.106739999999999849e-02
2.296689999999999843e-02
2.139649999999999885e-02
2.152429999999999968e-02
2.035729999999999831e-02
2.158950000000000105e-02
2.020179999999999892e-02
1.968079999999999830e-02
2.166059999999999860e-02
2.037090000000000081e-02
1.906729999999999883e-02
1.920530000000000154e-02
1.892519999999999966e-02
1.950479999999999922e-02
1.988499999999999990e-02
1.800840000000000080e-02
1.883200000000000152e-02
1.797529999999999961e-02
1.806599999999999873e-02
1.860020000000000076e-02
1.804060000000000039e-02
1.774469999999999867e-02
1.826790000000000011e-02
1.821899999999999908e-02
1.778570000000000151e-02
1.735920000000000171e-02
1.732300000000000159e-02
1.706260000000000068e-02
1.761990000000000084e-02
1.724370000000000069e-02
1.690540000000000098e-02
1.713579999999999964e-02
1.850950000000000165e-02
2.069819999999999993e-02
1.820429999999999965e-02
1.804889999999999967e-02
1.794099999999999862e-02
1.780390000000000097e-02
1.956789999999999918e-02
1.715349999999999861e-02
1.725840000000000013e-02
1.674590000000000106e-02
1.618369999999999878e-02
1.694549999999999876e-02
1.677129999999999940e-02
1.695889999999999898e-02
1.649679999999999896e-02
1.610839999999999841e-02
1.655720000000000108e-02
1.615650000000000072e-02
1.572339999999999849e-02
1.581190000000000026e-02
1.588430000000000050e-02
1.551939999999999917e-02
1.599570000000000158e-02
1.552609999999999928e-02
1.547630000000000013e-02
1.589880000000000113e-02
1.509319999999999933e-02
1.445210000000000071e-02
1.475530000000000071e-02
1.480109999999999933e-02
1.432710000000000060e-02
1.582199999999999926e-02
1.460350000000000016e-02
1.449929999999999969e-02
1.482469999999999968e-02
1.450429999999999948e-02
1.448200000000000008e-02
1.414630000000000054e-02
1.403760000000000077e-02
1.344779999999999934e-02
1.432100000000000040e-02
1.345720000000000076e-02
1.391889999999999968e-02
1.418860000000000086e-02
1.400230000000000051e-02
1.388709999999999944e-02
1.426209999999999978e-02
1.332900000000000057e-02
1.354759999999999992e-02
