3.851194666666666808e-03
3.851194666666666808e-03
3.851194666666666808e-03
3.851194666666666808e-03
3.851194666666666808e-03
3.851194666666666808e-03
3.851194666666666808e-03
3.851194666666666808e-03
3.851194666666666808e-03
3.851194666666666808e-03
3.851194666666666808e-03
3.851194666666666808e-03
3.851194666666666808e-03
3.851194666666666808e-03
3.851194666666666808e-03
4.859196405729757084e-02
4.317543144863705828e-02
3.905067984766677491e-02
3.590963427498732735e-02
3.351769210631748430e-02
3.169620075705943674e-02
3.030911423846397584e-02
2.925283197236757532e-02
2.844846093226871889e-02
2.783592317515874714e-02
2.736946865954217184e-02
2.701425820498071229e-02
2.674376137666084965e-02
2.653777494469775414e-02
2.638091391820647849e-02
2.626146245046949435e-02
2.617049879006457663e-02
2.610122892112934356e-02
2.604847912279290717e-02
2.600830954737278974e-02
2.597771995574742893e-02
2.595442563147288412e-02
2.593668673681704881e-02
2.592317836542570170e-02
2.591289158593990116e-02
2.590505808557750159e-02
2.589909278535770104e-02
2.589455014093744109e-02
2.589109086519798472e-02
4.261813367889688364e-07
3.245419677550296129e-07
2.471424244615888377e-07
1.882017860163332814e-07
1.433178149680366068e-07
1.091381570918233690e-07
8.310995626088735902e-08
6.328918330438027769e-08
4.819543774950203282e-08
3.670137768558253492e-08
2.794851933954461157e-08
2.128311748852271560e-08
1.620733765990053806e-08
1.234207320255994775e-08
9.398630060890778082e-09
7.157164405989571266e-09
5.450262644927325825e-09
4.150437409797513871e-09
3.160605610204729677e-09
2.406837361208393167e-09
1.832834208926613530e-09
1.395724236109180711e-09
1.062859986885245763e-09
8.093800497946872230e-10
6.163521753466641746e-10
4.693592387790299716e-10
3.574224345088489309e-10
2.721812763770393895e-10
2.072691584456227113e-10
1.578378373949772236e-10
1.201953204246697916e-10
9.153011274373160109e-11
6.970122887713275759e-11
5.307828387128431570e-11
4.041972091606736773e-11
3.078008028471027120e-11
2.343938356973161466e-11
1.784935897005824289e-11
1.359249123144273478e-11
1.035083770721229988e-11
7.882281431472068542e-12
6.002447562445857577e-12
4.570932547023238347e-12
3.480817471885176543e-12
2.650682360314330652e-12
2.018524967778984479e-12
1.537129875140521409e-12
1.170542000106790231e-12
8.913811358254690124e-13
6.787969412742182841e-13
5.169116430274706651e-13
3.936341348206186381e-13
2.997569007896056452e-13
2.282683121775899287e-13
1.738289334028677670e-13
1.323727231332496546e-13
1.008033443379740262e-13
7.676290091495332946e-14
5.845582798446022695e-14
4.451478233130643560e-14
3.389851644100205678e-14
2.581410840894356969e-14
1.965773912579513784e-14
1.496959342604824598e-14
1.139951679626955338e-14
8.680862565198904124e-15
6.610576239559005566e-15
5.034029497738070302e-15
3.833471102329734380e-15
2.919232137793461303e-15
2.223028698233075810e-15
1.692861807455700658e-15
1.289133649700520631e-15
9.816900348693470590e-16
7.475682019359808860e-16
5.692817454545821167e-16
4.335145674582492741e-16
3.301263068754156572e-16
2.513949626426286377e-16
1.914401425328961749e-16
