1.114511399272455572e+00
1.115557515672308320e+00
1.115577641741564818e+00
1.116169295582644549e+00
1.116334063741122096e+00
1.116460067599097439e+00
1.116769993299814967e+00
1.116809860315784775e+00
1.116833905097713187e+00
1.116849878970199939e+00
1.116851059959180104e+00
1.116857182821490824e+00
1.116870784129745608e+00
1.116870785300103419e+00
1.116870835768214221e+00
1.116870944366674889e+00
1.116871037746535622e+00
1.116871270572233454e+00
1.116871274128633740e+00
1.116871444697908222e+00
1.116871602478886727e+00
1.116871817127733202e+00
1.116871857946334146e+00
1.116871887090534754e+00
1.116871966035624331e+00
1.116872032326114761e+00
1.116872102701156111e+00
1.116872257926514012e+00
1.116872364226830339e+00
1.116872367445295833e+00
1.116872672992168969e+00
1.116872678516434458e+00
1.116872801360036194e+00
1.116872880040010951e+00
1.116872897675486920e+00
1.116873050010080526e+00
1.116873407269774354e+00
1.116873511134218511e+00
1.116873602909507879e+00
1.116873691056672779e+00
1.116874023566701624e+00
1.116874696116339161e+00
1.116874718435417746e+00
1.116875037561877004e+00
1.116875191195972450e+00
1.116875343332279336e+00
1.116875817536865156e+00
1.116876067029544117e+00
1.116876555927975412e+00
1.116876788466891979e+00
1.116877056720680050e+00
1.116877288875492091e+00
1.116877367488047224e+00
1.116877623467248837e+00
1.116877940667088787e+00
1.116878013745746800e+00
1.116878657520526064e+00
1.116878871472112733e+00
1.116879078182601681e+00
1.116879741281249006e+00
1.116879900046499952e+00
1.116879900197782494e+00
1.116879968000039192e+00
1.116880357246278432e+00
1.116880415425625106e+00
1.116881048358758566e+00
1.116883038739818979e+00
1.116883652218206180e+00
1.116883741696380605e+00
1.116884272709260051e+00
1.116885211161015690e+00
1.116887143001168647e+00
1.116887355270292259e+00
1.116887801610270348e+00
1.116888032495290783e+00
1.116888099647504351e+00
1.116888716756889277e+00
1.116888866575031170e+00
1.116889246873919550e+00
1.116889916230291213e+00
1.116890123903443000e+00
1.116890770393619725e+00
1.116891236437385970e+00
1.116891586357496635e+00
1.116891697484720058e+00
1.116892405631255247e+00
1.116893278286307023e+00
1.116894715009770334e+00
1.116895180117824182e+00
1.116895856587649449e+00
1.116896916217472890e+00
1.116896989528236794e+00
1.116897216174934870e+00
1.116897399749264608e+00
1.116897474540419211e+00
1.116899477924962802e+00
1.116900590766564338e+00
1.116901409714907256e+00
1.116903463850189793e+00
1.116905027011006801e+00
1.116905175615957369e+00
1.116905700734571738e+00
1.116906005517611433e+00
1.116906081075163648e+00
1.116906099686999942e+00
1.116906768143119510e+00
1.116908217759688293e+00
1.116908226412173022e+00
1.116908507034560571e+00
1.116909355514132951e+00
1.116910256904904752e+00
1.116910586943007155e+00
1.116911031273341903e+00
1.116914459751883193e+00
1.116914702678557525e+00
1.116914847442572301e+00
1.116916854386594160e+00
1.116916969905086932e+00
1.116920894406382203e+00
1.116921389815578314e+00
1.116923313246776850e+00
1.116923716840676928e+00
1.116924858654454233e+00
1.116924884944222374e+00
1.116926311958756912e+00
1.116927049102280467e+00
1.116928227652338235e+00
1.116929668754810256e+00
1.116930253326470002e+00
1.116930310865361875e+00
1.116931473632921001e+00
1.116933168484317562e+00
1.116934144720991062e+00
1.116935614460420556e+00
1.116936130354313494e+00
1.116936167787594192e+00
1.116937237075914968e+00
1.116937579830274752e+00
1.116937706733017066e+00
1.116937714345046739e+00
1.116937838305122721e+00
1.116937912152339507e+00
1.116937927206187453e+00
1.116939963807402458e+00
1.116940680714030076e+00
1.116940966416780423e+00
1.116941635668654786e+00
1.116942591496346449e+00
1.116945047528722812e+00
1.116945382318371038e+00
1.116947775223527506e+00
1.116948067462808503e+00
1.116950082807827815e+00
1.116950986539590573e+00
1.116951172300573392e+00
1.116954512643739239e+00
1.116955779593572506e+00
1.116956212160640671e+00
1.116956520552436105e+00
1.116957306414874118e+00
1.116958626733213222e+00
1.116959020369286293e+00
1.116961844319451114e+00
1.116962414487023603e+00
1.116963198343889463e+00
1.116963631467002394e+00
1.116964122394471071e+00
1.116964356983975115e+00
1.116965178780686241e+00
1.116965454748987563e+00
1.116965574361155289e+00
1.116968959439088360e+00
1.116969992507669929e+00
1.116971960836027566e+00
1.116973890602851682e+00
1.116974819162118049e+00
1.116975358892982717e+00
1.116976843088894666e+00
1.116977119547786890e+00
1.116977414452432038e+00
1.116980204424637968e+00
1.116980468248540692e+00
1.116981556419128996e+00
1.116982003198609075e+00
1.116984148239170693e+00
1.116986532053000358e+00
1.116986819004216036e+00
1.116987885354764565e+00
1.116989103619206780e+00
1.116989760691654343e+00
1.116990389528677907e+00
1.116991000866468964e+00
1.116991593930717119e+00
1.116994189018896133e+00
1.116994434552015303e+00
1.116996585472326053e+00
1.116998050876714110e+00
1.117001441286511687e+00
1.117003748356677928e+00
1.117004521490824187e+00
1.117009354878644167e+00
1.117011155870991646e+00
1.117011363434517346e+00
1.117014623514837712e+00
1.117016352153950454e+00
1.117017365271119722e+00
1.117017676312005436e+00
1.117018776899685761e+00
1.117021085039652029e+00
1.117022823496696793e+00
1.117024716309465759e+00
1.117025552242394859e+00
1.117028061952740181e+00
1.117028298786918672e+00
1.117028558229972601e+00
1.117028819162985132e+00
1.117031225430582531e+00
1.117031768321401719e+00
1.117032267078297281e+00
1.117032576430029955e+00
1.117034260799765200e+00
1.117034277936684417e+00
1.117035933994604324e+00
1.117035944485477605e+00
1.117038459028488084e+00
1.117042539912055155e+00
1.117044426846762306e+00
1.117045697096482826e+00
1.117046309115254488e+00
1.117047544021829486e+00
1.117048232277268793e+00
1.117050473852857717e+00
1.117053831631688476e+00
1.117054738326193730e+00
1.117056912775083344e+00
1.117063437987084740e+00
1.117063550372661584e+00
1.117063971398569722e+00
1.117066126857221287e+00
1.117071241174238505e+00
1.117071739264265506e+00
1.117072478040564310e+00
1.117074050151374731e+00
1.117074776881873621e+00
1.117075868363683444e+00
1.117078829748913815e+00
1.117079256861849945e+00
1.117079479528502839e+00
1.117081654619360265e+00
1.117084518401255000e+00
1.117089543284577324e+00
1.117090063265776978e+00
1.117092658985990195e+00
1.117094769481886241e+00
1.117101184160108396e+00
1.117106781679885419e+00
1.117108302928383701e+00
1.117108909500790670e+00
1.117111745677444645e+00
1.117112553640469796e+00
1.117113291562297661e+00
1.117115614350917774e+00
1.117116135971490509e+00
1.117117674678986372e+00
1.117121333227526492e+00
1.117122282472352790e+00
1.117123183885141868e+00
1.117125397880763593e+00
1.117128646541060144e+00
1.117129244900918916e+00
1.117130254315788385e+00
1.117131275485977682e+00
1.117132951534617780e+00
1.117133336621823236e+00
1.117133597736423845e+00
1.117134358633177449e+00
1.117135124042217376e+00
1.117139465236583806e+00
1.117140409175456428e+00
1.117142122238458102e+00
1.117142299573181896e+00
1.117142903159437983e+00
1.117143429051013825e+00
1.117143768763480427e+00
1.117144007476164713e+00
1.117144211302668388e+00
1.117145989750736979e+00
1.117146893122069384e+00
1.117149798232760505e+00
1.117151648361084604e+00
1.117153532373082792e+00
1.117154181625528819e+00
1.117155108848320921e+00
1.117156042642193814e+00
1.117157621425577618e+00
1.117158199650573946e+00
1.117158663455614098e+00
1.117161066588631346e+00
1.117161492257480848e+00
1.117162287470801818e+00
1.117164374040119812e+00
1.117164663036517958e+00
1.117167832494642576e+00
1.117168925350467079e+00
1.117172031925111497e+00
1.117172570251486308e+00
1.117175526909007122e+00
1.117175800760592752e+00
1.117176219341378562e+00
1.117177108993931967e+00
1.117179411608566708e+00
1.117180177314397227e+00
1.117180502837625600e+00
1.117185330741131022e+00
1.117185866528991101e+00
1.117189658193176172e+00
1.117189713315469124e+00
1.117189985559018606e+00
1.117190015901051714e+00
1.117190316737491695e+00
1.117193606428372954e+00
1.117194418032108283e+00
1.117194555432080350e+00
1.117196764717950153e+00
1.117197845347012386e+00
1.117199717197025599e+00
1.117201962470789844e+00
1.117202031663260708e+00
1.117202968283552922e+00
1.117205601493158618e+00
1.117209318780426841e+00
1.117209408217944677e+00
1.117213856983988896e+00
1.117214171454601779e+00
1.117217093135157047e+00
1.117217277067877657e+00
1.117221093084516559e+00
1.117221311191523903e+00
1.117225077563681612e+00
1.117226176392558168e+00
1.117229494036290571e+00
1.117232475066408437e+00
1.117233156673841599e+00
1.117233561544993758e+00
1.117238986050766325e+00
1.117240981047406656e+00
1.117241875911303861e+00
1.117243450356222967e+00
1.117244507497650918e+00
1.117244957881231571e+00
1.117246985585533592e+00
1.117248578479048460e+00
1.117252068155572875e+00
1.117254980805926889e+00
1.117256983205249243e+00
1.117258053705511678e+00
1.117260810141658567e+00
1.117263259743840775e+00
1.117266139163635152e+00
1.117267853205351047e+00
1.117274933945837212e+00
1.117276049372398550e+00
1.117281737779088902e+00
1.117285415605179688e+00
1.117286604044878118e+00
1.117289861905009118e+00
1.117290001926949161e+00
1.117301964496918654e+00
1.117302478226599449e+00
1.117302598971208205e+00
1.117303406610391292e+00
1.117304428635636171e+00
1.117312756973365850e+00
1.117317439268138868e+00
1.117318239605895824e+00
1.117327836512751027e+00
1.117327876739366843e+00
1.117328082920511001e+00
1.117330075018643454e+00
1.117332681565645469e+00
1.117333253582907693e+00
1.117333986394582146e+00
1.117335896917440730e+00
1.117337870887662010e+00
1.117338610672042654e+00
1.117338818665357447e+00
1.117339296292320761e+00
1.117343835749491587e+00
1.117347549084659608e+00
1.117347950542194601e+00
1.117349009074819932e+00
1.117353667416422613e+00
1.117355539071121173e+00
1.117358020645601746e+00
1.117358203690478113e+00
1.117369886476686114e+00
1.117369976783835206e+00
1.117371696073313103e+00
1.117372606934059265e+00
1.117374220512111105e+00
1.117378392814335264e+00
1.117379623519505483e+00
1.117386876908621263e+00
1.117387482174436286e+00
1.117391315764427517e+00
1.117391976002882537e+00
1.117392045623235797e+00
1.117392170944124130e+00
1.117392629212605515e+00
1.117396265587025539e+00
1.117397365095837092e+00
1.117397519220495461e+00
1.117413788031409450e+00
1.117416229331603228e+00
1.117419993545221590e+00
1.117425885300094457e+00
1.117426466844172461e+00
1.117428572523732289e+00
1.117428585970380528e+00
1.117428723434423343e+00
1.117429766643067479e+00
1.117432459209436679e+00
1.117432677927295614e+00
1.117433991767797341e+00
1.117433994759518434e+00
1.117439933506972016e+00
1.117441682113562429e+00
1.117442951223097669e+00
1.117445231326734678e+00
1.117448606234137110e+00
1.117448669976155440e+00
1.117450570095580131e+00
1.117452997856786201e+00
1.117461602324319569e+00
1.117462704069463575e+00
1.117465838138097078e+00
1.117467696150827638e+00
1.117471423849703882e+00
1.117480320519049997e+00
1.117482400879969751e+00
1.117486692730679909e+00
1.117487544331605243e+00
1.117491817958321976e+00
1.117495184736015723e+00
1.117495203122950365e+00
1.117495558781033793e+00
1.117503882580972441e+00
1.117504062341530435e+00
1.117504348773412870e+00
1.117506600851352339e+00
1.117509423814688763e+00
1.117510152529014089e+00
1.117513253040482990e+00
1.117520812656526141e+00
1.117521932710158872e+00
1.117522799619991458e+00
1.117526862454575776e+00
1.117530543158901324e+00
1.117536658419208795e+00
1.117546721768525764e+00
1.117549553443173860e+00
1.117551125894889363e+00
1.117551266574789093e+00
1.117555822063305282e+00
1.117563844160635700e+00
1.117568994653363568e+00
1.117574322440549661e+00
1.117583993721377622e+00
1.117587671895627022e+00
1.117588137031630513e+00
1.117589691358761517e+00
1.117595712646459294e+00
1.117599137262623721e+00
1.117601186335202001e+00
1.117601449647378509e+00
1.117609266579788097e+00
1.117617314887189517e+00
1.117618250507888433e+00
1.117622282603112138e+00
1.117624559509788895e+00
1.117626466592239520e+00
1.117630252401559554e+00
1.117636316175430800e+00
1.117636486234952820e+00
1.117636542119123444e+00
1.117642112065905025e+00
1.117643055864096402e+00
1.117645707559073109e+00
1.117647499432313785e+00
1.117655515905811914e+00
1.117663767784263573e+00
1.117665792230943200e+00
1.117666231556400325e+00
1.117671657909464988e+00
1.117675392752609076e+00
1.117677194368761562e+00
1.117678577198577550e+00
1.117679716895155995e+00
1.117682369721141322e+00
1.117683044238387158e+00
1.117683142359961579e+00
1.117689196626214354e+00
1.117693185470088002e+00
1.117696920457876164e+00
1.117701654482240903e+00
1.117704476287881610e+00
1.117704572380789019e+00
1.117705910151457260e+00
1.117706496043290532e+00
1.117710166297059882e+00
1.117714843945573078e+00
1.117716161598941049e+00
1.117725575843560915e+00
1.117725857526961075e+00
1.117729752019813061e+00
1.117730393629796648e+00
1.117732168203491749e+00
1.117736123912251633e+00
1.117738032167811646e+00
1.117742735094086060e+00
1.117743551070170982e+00
1.117744085484312366e+00
1.117747676554652347e+00
1.117748103846408991e+00
1.117749190087879319e+00
1.117761328308588098e+00
1.117769947908473949e+00
1.117774829229687628e+00
1.117777622456977094e+00
1.117777916963023310e+00
1.117781578172409862e+00
1.117782489338358554e+00
1.117785219887043269e+00
1.117791438325683284e+00
1.117791828910855045e+00
1.117797784564160457e+00
1.117814510204376166e+00
1.117829313386442092e+00
1.117829432722933447e+00
1.117831015351485657e+00
1.117831212480162817e+00
1.117836084456666823e+00
1.117837324427279899e+00
1.117839854597592275e+00
1.117840892115039342e+00
1.117842404016611724e+00
1.117845142943545644e+00
1.117845578929218542e+00
1.117850744867007418e+00
1.117851808241994371e+00
1.117852793419380486e+00
1.117854014677206465e+00
1.117857498299361207e+00
1.117870112115251668e+00
1.117870140702807102e+00
1.117873121930247793e+00
1.117883358946935912e+00
1.117883749364397605e+00
1.117885705485761161e+00
1.117887580217346244e+00
1.117890177973608123e+00
1.117891277783216175e+00
1.117894879830261701e+00
1.117895850824233817e+00
1.117897127247772904e+00
1.117899618764893077e+00
1.117903056477225432e+00
1.117904904860146154e+00
1.117913236657090970e+00
1.117915667861437923e+00
1.117918645104802655e+00
1.117921397534284766e+00
1.117928554541716579e+00
1.117929483806363811e+00
1.117934594553471772e+00
1.117934727410921925e+00
1.117935406959812639e+00
1.117951082867843393e+00
1.117952913230840117e+00
1.117955273251063586e+00
1.117961354386041162e+00
1.117968844758777003e+00
1.117978374324743562e+00
1.117981599585421204e+00
1.117983564389202211e+00
1.117986118396527617e+00
1.117986830731675596e+00
1.117990108615446676e+00
1.117991335714558110e+00
1.117994027404381585e+00
1.117996289592287917e+00
1.118002368614735120e+00
1.118002766117710767e+00
1.118002889023859803e+00
1.118003530281967972e+00
1.118009249521935367e+00
1.118019916333847119e+00
1.118025381384673445e+00
1.118029835728092447e+00
1.118029995163368540e+00
1.118033117145130317e+00
1.118039751531073600e+00
1.118041142400243881e+00
1.118043013135296304e+00
1.118053161930492534e+00
1.118053324792225744e+00
1.118058069877258642e+00
1.118060466484355864e+00
1.118064069886272716e+00
1.118074390164572218e+00
1.118074593568955333e+00
1.118077372443192719e+00
1.118078285714956710e+00
1.118079664601843159e+00
1.118081381977634514e+00
1.118086322276918620e+00
1.118087117386682650e+00
1.118092218419544537e+00
1.118095137877379130e+00
1.118104061473783384e+00
1.118110630673912809e+00
1.118111714973724524e+00
1.118128556142506724e+00
1.118131282886086986e+00
1.118138327608698468e+00
1.118138986355303066e+00
1.118141434032618342e+00
1.118144047264296947e+00
1.118144372364273664e+00
1.118146657730462845e+00
1.118147817945548628e+00
1.118148209797097614e+00
1.118149939923212211e+00
1.118154907722386682e+00
1.118155027750634911e+00
1.118157901660616016e+00
1.118158153469961391e+00
1.118158537472618841e+00
1.118160941964135402e+00
1.118173144074344982e+00
1.118178913419504150e+00
1.118180676085217540e+00
1.118183666566685552e+00
1.118185965212556976e+00
1.118198921599912410e+00
1.118201008938139118e+00
1.118201384712907753e+00
1.118206369364604491e+00
1.118208984783484405e+00
1.118213819201131054e+00
1.118219092198709408e+00
1.118219893678190857e+00
1.118222857143560400e+00
1.118227834419278865e+00
1.118228900760683597e+00
1.118229586641968254e+00
1.118229701145311727e+00
1.118232389375299451e+00
1.118238145025109764e+00
1.118243424703512012e+00
1.118245389213256225e+00
1.118252360876901275e+00
1.118252722445371772e+00
1.118271158106977747e+00
1.118272118061341081e+00
1.118273058826432909e+00
1.118283833129842808e+00
1.118285022267023310e+00
1.118287214861989565e+00
1.118291175224070955e+00
1.118303597931131765e+00
1.118305548310815967e+00
1.118306695278394214e+00
1.118307954200989940e+00
1.118310918193996750e+00
1.118312564037190926e+00
1.118317566668768803e+00
1.118320104572688045e+00
1.118320564725265420e+00
1.118327023318598679e+00
1.118332428130302425e+00
1.118333326490336788e+00
1.118355278533007979e+00
1.118360696471737192e+00
1.118362554311165269e+00
1.118364330982406507e+00
1.118369206414923767e+00
1.118371110220467646e+00
1.118372878152729788e+00
1.118377973606224485e+00
1.118378542470268355e+00
1.118391877324657724e+00
1.118397459022418827e+00
1.118399661041000082e+00
1.118402404461566579e+00
1.118405719864665304e+00
1.118413431071921371e+00
1.118419844547314579e+00
1.118422922705954115e+00
1.118424130011502537e+00
1.118426506917737706e+00
1.118427985498030131e+00
1.118440510047103320e+00
1.118446480347286887e+00
1.118449070900444209e+00
1.118457487360869695e+00
1.118458928145343867e+00
1.118465879236895555e+00
1.118476998929294419e+00
1.118477093806216516e+00
1.118480407053831227e+00
1.118489847423921990e+00
1.118490162578414049e+00
1.118491732477878031e+00
1.118492771804671992e+00
1.118495138362825658e+00
1.118495319381892283e+00
1.118496035331736360e+00
1.118501249132444642e+00
1.118507094039044469e+00
1.118509187321723441e+00
1.118514854384730750e+00
1.118523724016809107e+00
1.118533439613843772e+00
1.118538383445349282e+00
1.118542892179004822e+00
1.118542970954779392e+00
1.118548093367112806e+00
1.118560005592374562e+00
1.118560773458835200e+00
1.118563199726504642e+00
1.118564706504359130e+00
1.118567308090580914e+00
1.118567397005207242e+00
1.118567685675652790e+00
1.118568202603850148e+00
1.118572541431075873e+00
1.118575493164840839e+00
1.118575855575969280e+00
1.118578104526339212e+00
1.118585461962234406e+00
1.118591289666164057e+00
1.118593288180409040e+00
1.118598934254064980e+00
1.118608509373557602e+00
1.118608950682604686e+00
1.118610076443669499e+00
1.118616877063358661e+00
1.118619235478565788e+00
1.118624235193554473e+00
1.118626461909825398e+00
1.118627044136808690e+00
1.118627198265228717e+00
1.118628396855340101e+00
1.118632579872710586e+00
1.118635108748628149e+00
1.118644060345572733e+00
1.118658378801676845e+00
1.118667600778866955e+00
1.118668520346023598e+00
1.118670168951186206e+00
1.118672378867383799e+00
1.118680553185643634e+00
1.118690581086747127e+00
1.118693609639069386e+00
1.118696736487211130e+00
1.118702066944879059e+00
1.118705828253866885e+00
1.118713352877441558e+00
1.118725029960931039e+00
1.118742148758888444e+00
1.118744924587946832e+00
1.118751009084875125e+00
1.118766261368851822e+00
1.118778110852276519e+00
1.118801793419981427e+00
1.118825002918435230e+00
1.118826176400576689e+00
1.118837136147198486e+00
1.118837902928080386e+00
1.118843358192628701e+00
1.118848986481792540e+00
1.118850520055538977e+00
1.118856037435381534e+00
1.118856893668964014e+00
1.118858662094169620e+00
1.118860450951266738e+00
1.118862804876117556e+00
1.118871666161298517e+00
1.118875448352785629e+00
1.118878255025241630e+00
1.118880248936873212e+00
1.118881173654316941e+00
1.118882648581781325e+00
1.118884418228322408e+00
1.118894523129722263e+00
1.118894695773931858e+00
1.118901402426040637e+00
1.118919531493923314e+00
1.118920796424828668e+00
1.118924963783223703e+00
1.118928775819158394e+00
1.118929046815725803e+00
1.118931999154868517e+00
1.118933005534035185e+00
1.118933815930629461e+00
1.118934480069106119e+00
1.118939052302404757e+00
1.118942254987000062e+00
1.118946683319536950e+00
1.118948275361914213e+00
1.118949495764143931e+00
1.118951189310374961e+00
1.118952095339880604e+00
1.118958063089595445e+00
1.118962774610203548e+00
1.118970752904786536e+00
1.118974184270037364e+00
1.118975687975642508e+00
1.118977146939561962e+00
1.118979115327469076e+00
1.118983534343310104e+00
1.118984487794636440e+00
1.118984586639051315e+00
1.118988052150839074e+00
1.118989999529475199e+00
1.118990234192914546e+00
1.118990654656923045e+00
1.118996356994412578e+00
1.119003165276953649e+00
1.119009837915514449e+00
1.119011619919896727e+00
1.119018977006276838e+00
1.119049009723221744e+00
1.119062687397160083e+00
1.119075758305316359e+00
1.119082664399075222e+00
1.119082948720177662e+00
1.119085026406382966e+00
1.119095978558618310e+00
1.119098424671500336e+00
1.119102179323155477e+00
1.119102583649098870e+00
1.119104542750802178e+00
1.119104954461232371e+00
1.119106522497565370e+00
1.119107519037835230e+00
1.119123277507672265e+00
1.119127610814070639e+00
1.119131684174527130e+00
1.119137127950817545e+00
1.119137501266226353e+00
1.119137646518297391e+00
1.119144262613024132e+00
1.119145984729468690e+00
1.119146710638958098e+00
1.119149822089826163e+00
1.119149896995344839e+00
1.119155294171267911e+00
1.119159508838706296e+00
1.119165016374291000e+00
1.119166708078015882e+00
1.119169555349414757e+00
1.119179944231763368e+00
1.119184710865690047e+00
1.119187455929939290e+00
1.119203280004547718e+00
1.119204149339672494e+00
1.119211596218992133e+00
1.119217044977717457e+00
1.119217886454435984e+00
1.119221117288682343e+00
1.119233920365072521e+00
1.119236104184274883e+00
1.119237023092623851e+00
1.119246128143969621e+00
1.119255180869781707e+00
1.119273099747731592e+00
1.119284317302976284e+00
1.119290286587561134e+00
1.119291083753688465e+00
1.119301727482442388e+00
1.119302875155737453e+00
1.119306398423218329e+00
1.119316413557877699e+00
1.119325399566987400e+00
1.119325999622907020e+00
1.119329298292143449e+00
1.119341189423548100e+00
1.119348404078463366e+00
1.119351550604123613e+00
1.119376455141322557e+00
1.119383692849835965e+00
1.119384231357111847e+00
1.119386572911068800e+00
1.119393373694774096e+00
1.119397822199646342e+00
1.119403470371887810e+00
1.119405665313910170e+00
1.119406314460959617e+00
1.119409947506661451e+00
1.119415667851336949e+00
1.119425010158621170e+00
1.119431123515899351e+00
1.119431395820789321e+00
1.119433723434799965e+00
1.119442634418639226e+00
1.119443535333660700e+00
1.119445963830125956e+00
1.119446011344661596e+00
1.119460877449991010e+00
1.119463974865263278e+00
1.119464390463295489e+00
1.119467717986284416e+00
1.119470042304857360e+00
1.119478981838142317e+00
1.119486556863474647e+00
1.119504913182778338e+00
1.119505513113844497e+00
1.119507727133727926e+00
1.119527359797124255e+00
1.119531518680962234e+00
1.119533389494729692e+00
1.119535833865469732e+00
1.119537182534603215e+00
1.119537617509762217e+00
1.119554284317071380e+00
1.119560178653550508e+00
1.119567861700130562e+00
1.119569845313655776e+00
1.119572184948060434e+00
1.119574197472913424e+00
1.119582115863557048e+00
1.119582902269566027e+00
1.119604695972172159e+00
1.119605614285095641e+00
1.119613540560550069e+00
1.119622640543251224e+00
1.119624377225275413e+00
1.119628436661745052e+00
1.119630114891345674e+00
1.119632409317755872e+00
1.119656905548875425e+00
1.119660178835713449e+00
1.119662419021561162e+00
1.119663538502068789e+00
1.119677051445168159e+00
1.119677310732112296e+00
1.119685832584246921e+00
1.119689558318687883e+00
1.119696600525856178e+00
1.119698072876791572e+00
1.119710680658295932e+00
1.119711750923055638e+00
1.119715692479924751e+00
1.119720941902168310e+00
1.119724662786996117e+00
1.119744404711296326e+00
1.119754111774690308e+00
1.119759423340907611e+00
1.119766952387494241e+00
1.119772663319924755e+00
1.119779013124788003e+00
1.119795807231682483e+00
1.119798414125403152e+00
1.119808639930279570e+00
1.119814234150834142e+00
1.119815452535374956e+00
1.119819236617862757e+00
1.119820008784448762e+00
1.119822845855241722e+00
1.119828633615464364e+00
1.119828946545936788e+00
1.119848706198342647e+00
1.119850816769067059e+00
1.119851741956083835e+00
1.119853419309012832e+00
1.119857687225320753e+00
1.119874036930846417e+00
1.119891422674840431e+00
1.119901277377052917e+00
1.119911938745552504e+00
1.119920777811738599e+00
1.119926031034138791e+00
1.119930678393321610e+00
1.119934505431162242e+00
1.119941531700080706e+00
1.119946006464132449e+00
1.119946307611497049e+00
1.119954600126397137e+00
1.119962657664358430e+00
1.119966633088787189e+00
1.119973269562183127e+00
1.119978899761853164e+00
1.119989445901486746e+00
1.119990423509540811e+00
1.119991865558433330e+00
1.119994353851842206e+00
1.119994937468709928e+00
1.119998504240786064e+00
