7.212589133909375061e-01
6.119139996550115868e-01
7.391202125528073541e-01
8.365012694131090942e-01
8.828801396592977913e-01
4.360201093282112250e-01
9.001984364887916090e-01
7.484533508794133372e-01
6.380623758854342409e-01
8.418125233628226400e-01
6.687204862782958337e-01
6.105468913641221018e-01
6.167869950104210020e-01
6.738752992780705497e-01
6.417595947359633346e-01
7.265819601504741598e-01
9.374751136173087307e-01
7.898470300012339074e-01
8.477087138966887814e-01
7.187688826483462634e-01
8.817960274185077107e-01
7.064353742095796918e-01
6.674906143067260711e-01
7.902783742513463938e-01
7.486775684519775265e-01
6.703611446187918155e-01
6.159989362863271811e-01
7.652172709895599390e-01
6.355617026645998813e-01
7.942363897384729921e-01
7.738652275815882664e-01
6.901200308237542824e-01
6.959156924883247441e-01
6.252202385944982677e-01
7.590831770767580977e-01
7.543235010730675594e-01
5.430223726369587389e-01
4.352609676891439072e-01
5.635146152145997789e-01
8.787041311379861774e-01
5.174829335990005497e-01
1.013910907070403322e+00
6.974743599623911550e-01
7.618154823826772670e-01
6.639516597501005091e-01
6.594651329948797436e-01
7.140950024923209405e-01
7.996645805121660455e-01
7.922666725229343676e-01
7.836132954825825170e-01
8.449812497176745207e-01
7.116431384039834107e-01
5.240774151749172383e-01
6.984183204839733428e-01
7.723946102393353108e-01
6.952964584047871544e-01
6.460666383224622500e-01
5.378625302444761669e-01
9.879529163336453479e-01
6.878954992788399725e-01
7.828734994281494330e-01
7.663419529417403453e-01
8.356621368791450344e-01
5.829799667571133881e-01
8.977132364959672373e-01
6.731664488344168973e-01
6.755932927787644537e-01
7.543466484702110453e-01
8.026392865361609008e-01
7.264919412301784618e-01
7.805762556794659801e-01
6.855526582790150147e-01
8.581098677460596846e-01
7.480085724280438608e-01
8.167450315973656672e-01
6.778239257319684796e-01
7.474387617954714180e-01
7.690606334599559002e-01
6.976865732677028920e-01
8.182355847962230477e-01
6.742636703807591836e-01
5.823237176921292058e-01
8.157191327246127166e-01
6.810519809188564366e-01
7.250122272199899243e-01
6.790393365566416151e-01
9.340076320255741305e-01
7.347951402000729715e-01
6.491030665153996182e-01
8.331911860944007930e-01
5.793876700747491171e-01
6.297753506872727502e-01
7.271971181640579651e-01
9.169301567574228429e-01
4.765982896463127894e-01
7.471852012035540280e-01
7.403230138192273824e-01
7.568591039860184111e-01
5.631425761003561181e-01
9.095452751968935434e-01
5.825197086711531025e-01
7.194763565539163963e-01
8.837080278514874987e-01
8.573706295338712202e-01
7.071205991968865234e-01
6.340877228246777353e-01
7.340047248362624455e-01
7.588294748373414222e-01
1.067463439750876431e+00
1.033797793654084307e+00
5.989567480938096100e-01
9.268787690917046351e-01
5.675531998551086588e-01
1.094957291792769682e+00
6.430570349173658773e-01
7.755112054949719891e-01
6.041521077835398934e-01
8.673610135878695448e-01
4.789207856757404791e-01
1.008341141303736865e+00
5.864147664353502876e-01
6.650675978599585036e-01
8.686115807090888374e-01
6.934617587126934435e-01
6.055146299626168460e-01
8.158260007456286100e-01
6.252895728923457686e-01
6.908601794542168495e-01
6.282244973418726897e-01
4.339442652343650231e-01
8.047598660444021945e-01
7.331575948453128433e-01
8.657755740652417487e-01
5.850420915359921814e-01
4.377066765209047805e-01
5.563085558468960912e-01
4.714267118154702452e-01
5.086979415460490817e-01
5.361872520721344682e-01
4.927982279720521941e-01
4.882458183354643211e-01
8.034030939200020871e-01
9.013439393204480954e-01
6.466370288590372883e-01
8.087039341839741269e-01
7.279481588948810700e-01
8.650753998688198720e-01
5.358500738944282915e-01
6.168206623062222338e-01
5.415761338352975685e-01
7.520971093996298151e-01
8.526675978891617991e-01
6.698541996980722502e-01
8.147098243573291931e-01
7.081293666255428221e-01
7.924155087528861330e-01
6.013020054189521790e-01
6.889371669244304108e-01
7.589907845423460309e-01
6.138781164945095181e-01
5.884822372495879250e-01
6.970510407648067286e-01
8.071244834396751333e-01
6.216372501419153984e-01
5.957125889886061287e-01
5.030004609567040319e-01
8.169441346903227874e-01
6.496484827204496160e-01
7.953033427203715089e-01
3.247567352463509582e-01
5.382897480039949833e-01
7.491777209335026555e-01
9.708221536533112594e-01
7.454829642030424974e-01
6.092563605112344405e-01
5.312547945252765746e-01
8.350533085423772484e-01
6.142852419862065982e-01
6.172233999847565045e-01
6.486904480113797611e-01
1.104725083500640581e+00
7.166828797749880131e-01
1.024901877837708364e+00
6.509128769983163476e-01
4.895207520876243557e-01
8.520319602865145114e-01
6.747399743235626968e-01
5.695796529501417904e-01
9.187944186888619136e-01
7.484789953883685953e-01
6.551308632992636216e-01
5.536366690591876250e-01
6.135459175969526502e-01
8.162786666068344577e-01
7.807145295030626375e-01
6.584993706054365070e-01
6.053626060810057830e-01
7.462018724857633067e-01
6.623585724703506816e-01
8.511340742296480411e-01
7.075114165626339435e-01
7.759597121479666626e-01
5.040251592699052097e-01
8.727937254701556569e-01
5.189810539751316121e-01
5.204216247554238617e-01
8.408259397787554157e-01
4.356582536046316179e-01
8.861791747850289447e-01
6.286677045948374509e-01
8.875553566195182320e-01
6.386000144149750479e-01
6.672528344421613244e-01
6.292729489568604784e-01
9.029555420351054185e-01
6.314329692999387511e-01
4.309775090613754411e-01
5.484457005072829183e-01
6.996303627584077311e-01
3.135792935391290559e-01
8.873194819704555147e-01
6.974017045359492961e-01
8.362651139679266876e-01
6.596686686501040953e-01
8.215848915997692181e-01
6.518071158608418347e-01
5.177239299102076586e-01
5.102560972418013208e-01
8.423676388891854216e-01
1.186801195754555449e+00
5.183548475414523349e-01
5.170090498572754711e-01
8.381554783577604972e-01
8.892889115048485671e-01
7.641813744306391598e-01
7.885637386453647757e-01
8.634344593183462813e-01
5.382721518773836422e-01
5.983552278494508325e-01
9.340192636280886251e-01
9.218775000942425191e-01
9.211687241904797929e-01
5.738643164725609758e-01
9.948568758153641944e-01
1.045534658560415275e+00
6.733767926042966145e-01
6.710304096348429503e-01
9.107228191175875676e-01
7.478081017100735028e-01
6.337269535218792438e-01
9.852163117014756111e-01
1.037847218829029972e+00
5.895056888322425248e-01
6.055549111127600526e-01
9.515225304954244567e-01
7.043711073668468270e-01
7.231845034254724691e-01
7.645148415679259291e-01
8.080473906151630636e-01
6.008912825882006814e-01
8.029265604460988914e-01
7.237083349406980837e-01
8.676536159025860506e-01
7.621134305634991168e-01
7.328426682674360482e-01
5.659394034124687334e-01
8.774570309449836181e-01
6.033358476279171434e-01
4.828692089832331558e-01
3.715447637441804396e-01
2.731594581511065378e-01
7.040694756940135690e-01
6.705941859085517986e-01
9.195476552577630525e-01
7.913246848204158468e-01
7.746441112090829417e-01
5.648744982112818835e-01
6.110864950241212679e-01
4.992490657062864656e-01
6.493087788505491620e-01
6.324707392258488436e-01
4.927068306628590300e-01
7.173633238260479494e-01
3.515528289346148139e-01
5.499807006397572362e-01
4.193287609502216462e-01
8.319015436832055688e-01
7.565924967712578386e-01
5.402192733465316365e-01
8.981484172097542462e-01
7.673589599076990897e-01
9.308839985699091102e-01
5.818692424825799847e-01
9.779717385509645311e-01
9.415709930877647071e-01
5.722291566401693785e-01
8.710750326544725031e-01
8.241475988641777661e-01
3.692598162194582478e-01
9.153981738969030335e-01
7.949597626473625667e-01
5.911763165120487162e-01
7.306081946898912438e-01
1.076641328492322636e+00
1.131583824670884253e+00
7.742445108491591288e-01
5.958910969862896145e-01
9.746105274233418658e-01
7.907841427808981472e-01
7.915183838393013982e-01
8.540498760109260790e-01
8.234537615329717841e-01
1.054088755667476063e+00
8.087673325810396108e-01
7.347069068837197570e-01
9.350787982539743304e-01
4.274674783974863335e-01
4.149575370616609415e-01
6.804045174238659843e-01
8.106101560493739200e-01
7.973786690535999977e-01
5.865139471745550726e-01
9.363335757418822514e-01
7.704295008708172965e-01
8.032300004617132227e-01
9.350985778470932708e-01
5.203931816191997850e-01
8.761949584760841958e-01
1.043836188542207610e+00
9.866379218165355347e-01
8.937901687418092767e-01
9.945424709932981777e-01
5.484104896143260355e-01
9.067496340122938037e-01
9.065081315866030387e-01
8.160926530876244644e-01
8.024960500900180094e-01
9.737215490030426412e-01
5.978632446213660856e-01
9.721716624876974855e-01
7.975431688315381962e-01
1.174625316800637087e+00
6.678583380584357521e-01
9.114323292984893854e-01
6.221247429481491231e-01
7.587835211039506422e-01
7.296615942323170234e-01
5.015595618176160730e-01
7.549063676582590254e-01
4.613530748217020694e-01
6.637083844610702776e-01
5.244236963165949117e-01
5.515957455457964898e-01
6.798194100190058098e-01
9.684255187987544922e-01
9.445501537375000645e-01
9.732488326433863524e-01
9.153924401102297992e-01
8.644953483641304448e-01
8.505377660915136584e-01
6.526186504844710967e-01
7.108245920061095902e-01
4.492360106839288214e-01
4.052535940158974448e-01
9.343351767121088614e-01
7.035249225942785678e-01
6.517004423037875416e-01
5.415466238825661360e-01
1.031616264666340710e+00
4.976305038877304465e-01
7.816954571179091094e-01
7.444640487724474287e-01
8.173480218043982504e-01
8.209742281416299026e-01
8.866151135619060319e-01
4.195401921374242171e-01
5.145195303294824996e-01
7.581040702879793258e-01
7.408281061252797173e-01
5.074574687898181224e-01
5.035226204743170619e-01
4.126401006305735475e-01
8.247416231857873647e-01
3.309195826928068573e-01
6.795592824477503235e-01
9.343043828730523970e-01
8.097415501451155073e-01
8.731265853481828820e-01
8.419427323036410282e-01
2.851759099045114709e-01
8.721655716178333684e-01
4.759134214712579247e-01
7.356438002650844687e-01
9.728055062264984176e-01
5.407247414962290666e-01
6.243990599624327231e-01
9.984366608652706088e-01
9.553776123829571532e-01
6.355786029784982194e-01
8.703246568461331378e-01
8.277257963784701023e-01
8.479167074819604633e-01
8.401029971064344348e-01
6.202466401608486279e-01
5.884076023769779784e-01
9.441418577165350268e-01
6.424619193495684222e-01
6.581755616909490403e-01
6.354139707202666187e-01
5.335944349710242118e-01
8.861583468607270309e-01
9.423557013616801203e-01
4.891291379740037026e-01
7.709490568598820204e-01
8.118182768854176334e-01
5.623300376619233543e-01
5.971743941749263485e-01
7.292373686898612206e-01
8.887133168487160173e-01
1.022095660978500353e+00
1.124937796408947976e+00
7.512826839563779835e-01
3.652874385288551462e-01
4.731558370654143086e-01
5.182957349538441782e-01
5.413140049298104106e-01
6.454326578607005871e-01
9.301710076350333534e-01
7.758001618035414992e-01
8.230177609437672182e-01
9.735831282095486205e-01
7.017694793491902061e-01
7.078112394282909392e-01
7.686431062064069675e-01
7.987696876306571436e-01
5.371750590623947108e-01
8.528179520805201363e-01
9.545999451411713022e-01
5.212937348680724003e-01
6.214438107410624745e-01
8.425511795168816320e-01
8.548825688020955660e-01
9.047523891713982191e-01
8.524793175041789350e-01
3.955678800691087016e-01
1.105098982992508416e+00
8.747396534112661381e-01
1.139125065103130385e+00
6.348055964172261145e-01
9.876507624519303974e-01
8.721506429741121558e-01
4.759780303212168828e-01
4.489802002021536786e-01
6.413362704884850718e-01
8.938725293372640213e-01
4.420299725580667527e-01
7.570508074075332772e-01
7.998644231023976925e-01
6.894339087856637960e-01
5.295818669324936501e-01
8.703527485798445706e-01
7.022592672799476965e-01
6.568493178790824061e-01
6.004428813059570214e-01
8.414736677163858758e-01
8.829020881962135192e-01
8.815268331824832604e-01
5.371721812882368496e-01
6.772369410117551336e-01
6.743648363010112945e-01
4.658343477671134103e-01
7.111601393554656259e-01
8.625979224585078597e-01
6.286126944126224636e-01
6.822491789304274690e-01
7.958684114197756010e-01
9.517906403115616865e-01
5.807253060369610420e-01
8.256646772740738882e-01
4.926415976618303549e-01
7.507598619802602347e-01
1.001589200797164958e+00
3.026071574091626637e-01
8.409165998210899051e-01
3.758120097285322370e-01
1.910804005035515729e-01
5.440681211317299759e-01
8.928623869501439714e-01
7.194840836190707911e-01
7.075615834386705938e-01
9.789604953502839546e-01
9.163618843131993152e-01
5.561961042167551383e-01
6.283124014382523992e-01
6.877604161295902685e-01
4.401914433223130807e-01
3.854655389178951452e-01
8.875951658704528402e-01
5.376844311481943084e-01
1.018440877570175873e+00
6.445240723704448449e-01
9.836732907368306300e-01
4.811693391346294479e-01
7.765864606104788681e-01
9.947180685400180966e-01
7.273692660576203117e-01
5.994519297649658629e-01
5.682458070634111014e-01
6.662052137781926398e-01
3.550942955122371458e-01
3.378787946521188967e-01
7.423557732723629066e-01
3.946874720553550375e-01
8.799076745078737716e-01
7.756882270589127160e-01
6.890126807801932873e-01
9.311306703370325621e-01
5.779912397351483211e-01
6.944889051207880915e-01
5.403892607074300969e-01
7.175809373668629032e-01
6.326114390859172154e-01
6.788730418054778060e-01
8.219912516601812769e-01
8.067494927704643715e-01
2.647622849940856060e-01
4.019007478131220168e-01
9.520281375441475014e-01
9.293754043855462221e-01
5.227837127596723921e-01
6.839333395671498561e-01
6.286958644504569982e-01
9.762811992704290009e-01
1.101483829424720895e+00
2.817103239663831804e-01
5.357203593795989427e-01
9.291833440388530541e-01
9.457690619827596734e-01
4.540988092889219896e-01
5.410089470461898475e-01
1.043343108993743940e+00
3.671020026386084822e-01
5.989162849682594381e-01
1.131159077778065569e+00
5.170591026613824415e-01
5.622731948351944453e-01
4.333198031207075029e-01
6.100145197265149921e-01
8.931768334045575575e-01
7.704783481134180878e-01
5.563448535908066539e-01
9.401923412575508010e-01
8.094275796219352337e-01
8.991766339804974084e-01
2.912774437803133942e-01
8.101919690236880633e-01
7.343108169851064737e-01
7.300589391313949683e-01
4.683423453692381333e-01
1.031819784914145277e+00
6.129492988728391101e-01
6.788038017677688885e-01
7.483741672820509727e-01
8.162435899276843099e-01
9.556062201450221671e-01
7.024192615975033416e-01
1.141420580708718546e+00
7.844316752315505514e-01
6.864435570330063019e-01
8.891656683543136541e-01
8.723957301229046113e-01
1.198617614312336155e+00
1.044622534338551789e+00
7.155842051087657474e-01
7.910956976776517546e-01
4.950736503878172545e-01
6.949337748944239834e-01
6.721393118723772986e-01
7.023719301866626630e-01
8.370649978279298686e-01
9.281389592123989729e-01
5.972661579945137689e-01
1.042785771391863126e+00
9.036543798560336960e-01
7.270937210158257002e-01
1.032586026530235568e+00
7.843072909079373822e-01
4.720440115041357743e-01
1.095637262384646649e+00
9.724974035737354860e-01
8.944067446540138189e-01
5.110354339559586290e-01
5.062517612584083171e-01
9.327884021066767950e-01
4.428361469678399054e-01
4.065822594867429807e-01
3.738882916217878272e-01
5.508198956265752955e-01
6.297779441855944071e-01
5.538436962381487749e-01
3.546543895863119022e-01
1.075628433630348990e+00
7.903692696033082221e-01
3.994626601930784116e-01
8.087787869425933085e-01
8.957107897232585714e-01
7.241767446689362231e-01
1.103471615046908161e+00
8.702789267989119448e-01
7.600884549152198133e-01
9.024704702360886177e-01
6.342906567195050194e-01
6.416675069401078790e-01
7.380749371057204744e-01
8.868865707258311026e-01
7.637476806640064453e-01
8.254436848445956265e-01
4.763653699776160266e-01
7.153424578996536720e-01
7.940295856816548259e-01
5.285151746900196290e-01
6.217590726551813773e-01
1.163726007450377464e+00
6.125197078083788327e-01
1.008500319948957280e+00
5.593108921934542010e-01
6.211362896494543318e-01
7.429328551469271957e-01
1.038363799911423691e+00
7.452028486204076430e-01
8.203548075358113589e-01
3.886341670769399848e-01
9.663438678206348609e-01
7.532824086957545795e-01
8.400463128450441630e-01
4.993830677361255077e-01
9.352985987001294355e-01
4.827589715545865801e-01
8.029055991243372326e-01
7.383249537158909082e-01
6.329533786726238009e-01
1.147081523661308555e+00
7.752797149257584230e-01
5.281104957022220159e-01
3.539393644354071888e-01
4.683196097455932794e-01
4.980620067095931081e-01
8.121420159556413942e-01
1.167432294468240261e+00
9.776171050362547632e-01
8.371707615592360874e-01
8.149443694166702556e-01
5.385122628721372706e-01
4.830752369840818350e-01
8.826334299590177235e-01
1.001143910347646049e+00
9.728436406717777540e-01
4.247899393022780412e-01
4.844581856468410663e-01
1.021747474033934955e+00
7.689416676923133132e-01
5.967351819229693710e-01
8.037423965958301331e-01
5.961593136330434195e-01
6.766894968617265249e-01
8.301758622052124448e-01
8.166365426417576678e-01
8.845659573041286805e-01
1.062527837151333587e+00
8.475188446284587229e-01
1.163030993105546029e+00
6.831836528413570697e-01
8.783613904668918781e-01
5.883886698506701762e-01
5.289846892634175735e-01
7.649733963477234333e-01
9.034283978855250918e-01
7.234839883345611788e-01
6.576952543307257315e-01
6.806095626955388500e-01
4.886328239501303017e-01
6.412357331578466546e-01
7.858042493434358455e-01
3.140441038368857463e-01
9.107199104804564183e-01
5.729150380798908593e-01
1.227152294878913752e+00
3.274194538758490314e-01
1.122430895492287917e+00
9.550766222392315097e-01
6.432441166899227625e-01
5.792233520718725881e-01
8.614692999589113054e-01
6.411944691422644116e-01
9.689913859726562162e-01
7.365396521206379887e-01
1.108880100402853675e+00
8.211177233173660994e-01
5.127818831917485554e-01
7.191210100029765684e-01
7.634715455610452395e-01
7.758893545667777669e-01
8.837259242871375875e-01
5.057863254022632038e-01
5.552398005943204318e-01
9.037027085405380245e-01
1.102927842894035892e+00
8.213249542215361743e-01
7.934708335954943070e-01
7.208575471737421747e-01
7.043157296330204709e-01
7.541190686231658002e-01
5.733406522666850691e-01
5.935758361240439651e-01
7.287907711027608038e-01
8.117814057172989539e-01
5.797418214847471774e-01
6.106845182255293825e-01
8.170163454882362064e-01
9.747629074396080284e-01
9.637739210605067441e-01
8.069834035611955780e-01
7.659647196885055465e-01
1.065227552402453481e+00
5.878884558802532911e-01
5.943017461860600203e-01
9.840190529964709665e-01
8.202985489807579356e-01
7.734813267154472261e-01
9.348717045445875673e-01
1.014411346822857718e+00
8.780517440438950771e-01
5.348219451954017156e-01
3.576847323002341206e-01
7.335080374143709836e-01
1.052192545130925527e+00
1.070845669702419345e+00
8.950634164244020141e-01
5.485211830223601925e-01
6.375220758993327408e-01
5.762591968753949523e-01
9.285576364160219587e-01
7.175553475487650434e-01
2.713727670005439130e-01
7.557256413536439510e-01
7.223279861618581155e-01
7.061106944006800834e-01
4.857719919437342160e-01
1.038661304385568585e+00
9.558592825078038313e-01
5.726868421524866637e-01
6.613543771892604894e-01
5.583659325918255423e-01
3.788676302649951477e-01
3.952209830146047320e-01
7.265802762390416447e-01
3.741765825163445580e-01
6.978615413979982751e-01
1.151255968762004978e+00
7.302491169780489511e-01
1.031773368867539009e+00
4.414192940807082355e-01
8.183072278375502773e-01
3.686639784803047437e-01
4.632831874368359415e-01
8.897662782299309292e-01
9.086428895777598491e-01
1.073551050098225934e+00
6.942295972029777218e-01
8.367666646227123195e-01
9.612424737798885843e-01
7.997054879266385363e-01
9.484379508047702245e-01
8.527510614682376477e-01
6.536973453925176702e-01
7.374720201955009546e-01
9.864213849747893725e-01
7.410661842781884889e-01
4.900794875979441745e-01
9.378303496401951822e-01
8.568030153016437112e-01
9.637766708645800762e-01
7.928923220041128594e-01
3.483836179144828016e-01
7.268427378321562493e-01
4.514687451082577407e-01
5.810944109814752956e-01
8.445814355898306758e-01
3.529802509643797936e-01
7.910615620413286031e-01
6.958898309945338312e-01
1.168518490752123995e+00
7.704707592049830911e-01
3.476487559462893007e-01
9.234192836182208985e-01
6.356723426680477296e-01
5.174763413180627492e-01
7.939286432650571879e-01
8.905822523460449336e-01
8.463795747096547473e-01
7.475837091134751589e-01
6.261467363476769243e-01
7.226767632502406613e-01
4.476935550565441790e-01
8.204946762682574501e-01
4.305957637439461472e-01
7.057929750916569489e-01
1.125323366612923648e+00
4.991482533255209297e-01
7.970054998196196561e-01
1.050081109360295750e+00
3.471997253755021440e-01
7.240864199002106094e-01
8.154655594995230405e-01
3.571578344374715108e-01
1.012808646235913157e+00
9.761606639165365529e-01
7.442817830694836712e-01
9.204641133021163046e-01
8.280189703370799403e-01
8.686217534039031296e-01
4.805379619290284232e-01
6.403207508939690040e-01
8.877219188194951371e-01
9.934215368027798920e-01
5.288961890644428010e-01
9.315930262728755462e-01
3.668290467807311384e-01
5.707344194852526087e-01
8.148414669937820154e-01
7.877678522870246169e-01
5.927328630850769997e-01
5.694808044288901527e-01
1.103326941292553931e+00
8.480909695094851486e-01
8.431255929472136756e-01
5.506134343146118493e-01
6.811393534955023643e-01
5.536753203014388447e-01
1.000574201920545470e+00
7.683049738048897126e-01
1.022716349934044144e+00
9.777512590695813799e-01
1.090555629180278707e+00
6.205426812801728698e-01
7.457842688356974836e-01
5.964564851957565583e-01
1.136375795083599538e+00
5.279987314213641092e-01
5.253395740307420514e-01
8.001079236122643490e-01
7.980264620445876034e-01
6.797130306283594159e-01
9.330589038044845296e-01
9.524352472794650470e-01
7.061971093162533464e-01
6.921193428432392825e-01
6.361326260641064767e-01
5.541095781855132074e-01
6.245409486361708229e-01
5.528257112924261918e-01
5.996580315686339535e-01
7.507832499259847747e-01
7.008778567461571019e-01
3.408602195484444763e-01
7.717781194389039534e-01
8.656009582998891450e-01
8.245649011756006619e-01
1.022226420614130715e+00
1.019094231785727667e+00
5.605697849812074640e-01
8.045024637022279990e-01
5.385175407387920998e-01
4.146247080294540588e-01
8.301236307728276920e-01
6.483859600071417706e-01
1.106232106424409611e+00
5.486748618786563281e-01
1.009618865096123530e+00
7.702495089468963663e-01
2.066303234863176019e-01
3.923767930394284065e-01
6.358972169783594364e-01
8.250127799201756318e-01
1.025911484599140167e+00
9.292882470878338630e-01
8.236130213118975085e-01
4.468308256554642810e-01
4.121272619001303816e-01
3.734423809845510700e-01
6.136769627118565662e-01
6.804084412159905337e-01
7.725200318139113786e-01
3.237140109034086777e-01
6.705196404322044668e-01
7.897001284224158812e-01
5.796142731729847508e-01
6.895240270099078916e-01
8.756410723579410860e-01
8.041992913888074135e-01
5.629157378281346436e-01
3.358613129081144955e-01
5.064978131595621047e-01
4.749458435979792004e-01
6.599171300095019177e-01
7.605393903613200113e-01
8.041289321123135103e-01
6.111835639271590015e-01
9.362625944562164015e-01
9.170031014786195200e-01
5.197581138330631401e-01
1.061467480104499872e+00
5.528750198040388586e-01
1.011797405122405458e+00
6.053131195575933710e-01
9.116727139066083119e-01
7.237900542150510486e-01
2.985916109770614391e-01
8.018307716484041059e-01
9.823706684333965988e-01
3.981938877046509173e-01
7.548454456018760528e-01
3.518739528878933598e-01
7.654398301124853976e-01
1.032554486758507917e+00
1.140863216501514232e+00
9.812737226938039736e-01
4.551100737774760319e-01
9.527734202420978793e-01
1.072498851234948702e+00
8.831597477271135865e-01
8.684301713979714066e-01
4.582017741866173388e-01
5.631976542436190059e-01
2.120415634901229307e-01
4.774071939690482935e-01
7.148366110345527602e-01
5.582858485735531229e-01
8.033165797460217750e-01
5.678263527355120743e-01
6.110134681426349079e-01
7.155189642274406570e-01
5.684345866341700138e-01
9.723870670936163307e-01
7.558360652221207676e-01
6.939806840128348586e-01
6.692388465128540354e-01
7.762235070851442043e-01
8.241767587780113313e-01
1.030355665689436373e+00
8.652427017362962491e-01
6.824827047260006996e-01
7.288889355445860030e-01
3.908808756305226506e-01
6.327071901728542613e-01
6.439976474385711303e-01
4.907450660421086575e-01
4.626258803775928907e-01
8.257280615220352615e-01
1.031505815475081134e+00
4.473218297180281411e-01
8.566552373682589927e-01
9.517054882603848132e-01
8.916085525664363409e-01
9.344461814172477787e-01
4.162361162408145798e-01
1.069467052488726200e+00
1.203910902242810721e+00
5.548642417459448417e-01
5.956052773510134291e-01
8.202824479012327252e-01
1.975781316820857114e-01
6.522729693028639364e-01
7.690216875210431624e-01
6.103382971037962790e-01
1.171206433599802921e+00
8.781035725427377425e-01
3.463646884205806575e-01
8.960861537972431012e-01
1.000242394921313505e+00
5.251121552522386438e-01
6.892330635950849604e-01
7.320162205400049249e-01
8.110023997086379666e-01
9.432501314825314509e-01
6.614981638798478336e-01
8.224726443598229242e-01
9.256991183186347172e-01
5.215305626086019775e-01
9.360010321063205740e-01
8.743474064742018381e-01
7.091346995149405696e-01
6.106028417790232421e-01
3.942913678992965298e-01
8.875539616897742956e-01
8.817574925013116349e-01
4.108600154364594470e-01
1.051608588836761005e+00
6.237372180445732717e-01
1.125843404045562268e+00
