4.061252851955847731e-01
4.992625585495649165e-01
7.765588779058081315e-01
7.199363378575491801e-01
2.021035981919354629e-01
8.443628863985618294e-01
7.443290037128713621e-02
2.751199944110100937e-01
7.620379679838980014e-01
4.939706981572864475e-01
2.034385265660501041e-01
6.657938723404310810e-01
6.412959593288565241e-01
6.333038593835200736e-01
1.488824826988786043e-01
5.834877266506921512e-02
8.490375358917685578e-01
9.431031774433020765e-01
6.421135899997019170e-01
3.546751162739018026e-01
4.007486697991936575e-01
8.144340095118173251e-01
1.583572132066713989e-01
6.642890281701059330e-01
3.110960245881552177e-01
7.659832336937982822e-01
3.775564352348926844e-01
9.355776865971120460e-01
1.097225058438464629e-01
4.072730219622732184e-01
4.171971740689641717e-01
8.597549966963188295e-01
3.833658922783131917e-01
2.104644440157327212e-01
3.383839159488621906e-01
9.048142175162576795e-01
7.260986173720871406e-01
2.786518552040394558e-01
2.851412639308923413e-01
1.676312521779156350e-01
2.316235195196829633e-01
1.883141217824335634e-02
9.751381131886863729e-01
3.778408790852952892e-01
8.573609166640225876e-01
7.155798543769825715e-01
7.682664786689902270e-01
4.191454100085477696e-01
3.384357161686994964e-01
3.964634749058892904e-02
5.828716126658567420e-01
2.044920016614167890e-01
7.444448583821787757e-01
5.136081991121297374e-01
7.568733141585274327e-01
5.465227934615168870e-02
3.838488760495366581e-01
1.967033843575970442e-01
9.336432742232613213e-01
8.264476556993066714e-01
5.096736838040926143e-01
6.639352070522511751e-01
7.316262976288867570e-01
6.996398229836688909e-01
3.012142318217559955e-01
9.618652454478694436e-01
6.268609018311954717e-01
9.465043687780692050e-01
7.212213625480489165e-01
3.264817388914332819e-01
8.193438305522062759e-01
4.443908119182378158e-01
2.273367161488724086e-01
6.299886977522305420e-01
2.429324611033811809e-02
3.836279710591006253e-02
3.775342892116001492e-01
4.555035179418326363e-01
4.841903568883760833e-01
2.211248124822307037e-02
5.303337591996094558e-01
7.371155808309096669e-01
8.950228755516735912e-01
7.758274388924762954e-01
9.696748326317599087e-01
4.143152968383745360e-03
1.238709259372100524e-01
1.857219482847962677e-01
3.034435154668668755e-01
2.625684682572435591e-01
7.472116693823638300e-02
5.344567446041138536e-01
5.774204557158514328e-01
7.735552154126524860e-01
2.836492667577344973e-01
4.917530147257048734e-01
3.872816591413834608e-01
1.626944241986651996e-01
3.735934664741674682e-01
1.399472095449072473e-01
5.504502832376699795e-01
3.457095773885278112e-01
2.161901685770483139e-01
5.524830234947711860e-01
3.665428227144662543e-02
4.739140953198075490e-01
9.897216972305263871e-01
2.302649222171084809e-01
3.138185081233795248e-01
7.213967938931841184e-01
1.600114422475573672e-01
5.752255127545460311e-01
5.280147981702846272e-01
9.780483109144575415e-01
1.447957418466107038e-01
7.224646850224983874e-01
3.685163820062513640e-01
5.638323869365036156e-01
9.156065778667477062e-02
1.817929514184440931e-01
4.447199952075400198e-01
2.420300907791199663e-01
5.076632200181961929e-01
9.761053285555018055e-01
9.290902413153815376e-01
2.792879192981914116e-01
2.484311617120306126e-01
6.169975928271936860e-01
5.833138688287592410e-01
3.225637509432754957e-01
8.914071373381757812e-01
3.218968510961174312e-01
8.943351209483230146e-02
1.985785209104640181e-03
3.657217597088113781e-01
5.060653404516268772e-02
6.417709524390655673e-01
5.963724417919237242e-01
6.462511028913217048e-01
3.984369730994051784e-01
9.453829548482008960e-01
9.721969421221388075e-04
1.003675970115389671e-01
1.945261594210341283e-01
4.960118932112520529e-01
8.224196934110973300e-01
9.371906315687374978e-01
7.392032426307846293e-01
3.545155674474920193e-02
4.885946147869313361e-01
4.122858548687147184e-01
9.183172725885616616e-01
6.949227673125535354e-01
2.393299903203711665e-01
9.231246001300043025e-01
8.839532687427051894e-01
1.924533006029438553e-01
8.674780643997680452e-01
7.884495974362434323e-01
7.712520187291529439e-01
5.513101704536822467e-01
7.058657099501065568e-01
4.937654710965551086e-01
5.791170182835216895e-01
4.976528674728284418e-01
9.692111961719678259e-01
9.444913556560852186e-01
1.419215663353999846e-01
3.177227524936423464e-01
6.821712496807913473e-01
3.152514419397184353e-01
6.431370362857399270e-01
2.833173748870463360e-01
2.294484322203289572e-01
4.114136000928669823e-01
3.054182389406927545e-01
9.613574241880732396e-01
1.160149874108499235e-01
4.015170102651692829e-01
7.456639502287105703e-01
4.441545169234485391e-01
3.085266602559076921e-01
1.501445404650240123e-01
2.059561262838373041e-01
5.394817972944158102e-01
7.502263989501434249e-02
6.462216710397914454e-01
9.968666705708983944e-02
5.688819284672331777e-01
5.083682593514723402e-01
1.546149607595672659e-01
6.897425341774422458e-01
5.667456211604883221e-01
2.709769190869875111e-01
5.075898462633132713e-01
1.219448320326936841e-01
2.596660770486126646e-01
2.355928754468570308e-01
5.987534105257513728e-01
5.225414024394658963e-02
5.090405989639423812e-02
3.186095905014674212e-01
2.095200741672494926e-01
1.097982009919770130e-01
3.644673125609549924e-01
2.577469977123648670e-01
9.371419779272138761e-02
5.909239966390260612e-01
2.799933503532515688e-01
6.852009162955098320e-01
1.072499539369708987e-01
7.759659780306233934e-01
7.436283024144771936e-01
2.287077125979227743e-01
1.206313785460779719e-01
6.328447167733121104e-01
5.437353983860925277e-01
2.794438855593615045e-01
6.188412844987992711e-01
4.084788436748373330e-01
9.086153098837002062e-02
7.561296474693850467e-01
7.637463041699077415e-01
9.531872021548231100e-01
9.638901273278444037e-01
9.776198929528204795e-01
1.916120733832891165e-01
9.707724743843486603e-01
7.281724757327483477e-01
3.072833961822916127e-01
6.841528001850271101e-01
7.879785734195502434e-01
1.640995690781892336e-01
9.927914149911001296e-01
2.634829933522773171e-01
8.924829362598630800e-01
6.571682995771732649e-02
7.789014120362073301e-01
1.657492693616539059e-01
9.604575808151304406e-01
1.836751375425627053e-02
7.354702393061673948e-02
8.576310420280064406e-01
1.284367383304885202e-01
5.074587793338632968e-01
8.143961972958940754e-01
9.357027984042776136e-01
3.142366322505326659e-01
6.204796418817637438e-02
2.599334456372311974e-01
2.874734139287521417e-01
5.624606408591192874e-01
2.026249098852140884e-01
4.129980108044316589e-01
1.780821039314850474e-02
2.200428156906292232e-01
8.727443949546139779e-01
4.834118243395963965e-01
3.003872424300473298e-01
2.198099984272715579e-01
5.057467548446670236e-02
4.569530577976372854e-01
5.552779350472371034e-01
7.922726749473928409e-01
3.951675737779777320e-01
4.060374890143991777e-03
4.969601134634792361e-01
2.769186681897919389e-01
4.780388044593277819e-01
1.693692889834741422e-01
1.088856484329123742e-01
9.596053321032079753e-01
9.545773761604239294e-01
7.315153261528566375e-01
7.608812410142848925e-01
1.348474709729434728e-01
4.672323547813118649e-01
1.082443195114478618e-01
3.616618236707876965e-01
1.854160612721291734e-01
4.593209145326352383e-01
2.007085336666688535e-01
6.963922036655388892e-01
5.986978233649493664e-01
9.155786965487257012e-01
4.749208052894082766e-02
1.687800586777332690e-01
5.357603306786086206e-01
5.368871585705337068e-01
8.872980168820497893e-01
6.809815481476789722e-01
3.006711951877883982e-01
4.778811463038811214e-01
6.421797499274879417e-01
1.496723146700422724e-01
6.853255920749062868e-01
6.089664468543027898e-01
6.562099510293186722e-01
6.309041992189171610e-01
1.824695500034538842e-01
5.823038678901640841e-01
2.849009381459105539e-01
1.615717241575276297e-01
8.903534282030286517e-01
2.367776732204052159e-01
6.547296933950556008e-01
9.091744057175141780e-01
5.968483495670624528e-01
7.573554358449273716e-01
4.077927698864569628e-02
1.139481653960136009e-01
9.145678789536478837e-01
7.093304605518667705e-01
8.899405338009421795e-01
6.751098660370231652e-01
3.482986242996569670e-01
6.643516186131268597e-01
1.264361449434820983e-01
9.917851222786373544e-01
9.401235520600281781e-01
5.161775091148305128e-01
4.698914526330270069e-01
3.247798241009047793e-02
8.941470455217712665e-01
5.709924264362824520e-01
3.542513871012726856e-01
4.646933674285006477e-01
1.266186418288023363e-01
2.923098748201145014e-01
3.161978655356930679e-01
9.521930145833735759e-01
3.057116403160475837e-01
4.791453668982370573e-03
6.306841901391077032e-01
1.494130222374879802e-01
3.482099098177515728e-01
9.185208067238201934e-01
5.934693626690382695e-01
3.396630240223401653e-01
7.693845212493540808e-01
7.227647119998928948e-01
9.178337493490207333e-01
1.218773692347852045e-02
9.093957521368536412e-01
8.130476807251456606e-01
5.407800536350271248e-02
8.980930991506146377e-01
7.596168490260257755e-01
3.594438241176879378e-01
9.219005811560674335e-01
9.503473572509062439e-01
6.702211502168354817e-01
1.137790433819346747e-01
8.149266968440112002e-01
2.432363512744117884e-03
6.992393877984985906e-01
7.883182635903354107e-01
3.667653999760511763e-02
5.491154089774090696e-01
1.581229802934184248e-01
5.008524434413688109e-01
1.497914004043963132e-01
8.031705995018991739e-01
8.810050454506225259e-01
2.324029804758193096e-01
8.208793628330265379e-01
7.515741226954881782e-01
2.734721002678235369e-01
6.795217757363077871e-01
1.297073347138746335e-01
5.437739816404006943e-01
2.513286230153508605e-01
1.944248089702111937e-01
1.093569129945271001e-02
5.624025531610441497e-01
6.142005613882195458e-02
4.503231109070465754e-01
2.836192004337356742e-02
7.384411393377627864e-01
7.886241560605953271e-01
3.922686925212790499e-01
1.862599302149110514e-01
7.401488463113038430e-01
5.944460449656655543e-01
4.283193484389531402e-01
2.313071875828855983e-01
2.604528285425351530e-01
2.659956839540500440e-01
7.611943036430548482e-01
5.489643555559137189e-01
8.547659097708566467e-01
8.391545922149554748e-01
5.394022472807002977e-01
3.803879621052567161e-01
2.100588407693366744e-01
9.427261404414025714e-01
6.755862448136503717e-01
8.715368280375525023e-01
1.663290564973852748e-01
7.864893952552978185e-01
9.424965702667899015e-01
7.303523006649131899e-01
5.095634344241828373e-01
2.765349902784719482e-02
3.677597988806796669e-01
1.460024272001859691e-01
8.880442822012482029e-01
1.490936474270292411e-01
1.832264278232244026e-01
5.753268915909980352e-01
5.041326814806534884e-01
9.771888416862611892e-01
5.548787903027379009e-01
8.945357716689936733e-01
2.343811730893115008e-01
8.746956336157983847e-01
5.233887653434037279e-01
1.886982644077577209e-01
6.457095556922909374e-02
4.982359459462357698e-01
2.087655347082248980e-01
4.261297384404074684e-01
3.926578837368458474e-01
4.698092305528618340e-01
6.106433371068771265e-01
1.211716623958567496e-01
2.791349925062313053e-01
9.355029073616953905e-01
6.645693164505915851e-01
3.527236047206333547e-01
7.707385658643793880e-01
7.927960962447647697e-01
4.997540643928346515e-01
3.583603147068514794e-02
2.590259579810606505e-01
8.061600608630625775e-01
6.024796640789319424e-01
1.589905706648944150e-01
7.274996082914656492e-01
7.291094005965056413e-01
1.599547630476484406e-01
9.593507223267050410e-02
1.076274288672651736e-02
6.741601189914050440e-01
4.893133113705701032e-01
6.875609317486970351e-01
1.256575894570659546e-01
7.898554190742790304e-02
5.119609266391861313e-01
5.899472429747409929e-01
8.237683955613985809e-01
3.343095330324018510e-01
9.532095778612318382e-01
9.126766752543291616e-02
8.283413462972454289e-01
5.102295184811034279e-02
7.036005350300374994e-01
4.363492718665550330e-01
3.498408210540997487e-01
6.363132950727869996e-01
3.534646384975874689e-01
4.964762311035664233e-01
6.791655632790940533e-01
4.327914015024459937e-01
9.967954209552802869e-01
3.094821761310267982e-01
1.605107918786847776e-01
6.780912578769662247e-01
6.889160348684234547e-01
7.147426206391782610e-01
6.229046588727225053e-01
2.747998063269039282e-01
5.697071097591412947e-01
1.682055030126091699e-01
7.834059273777392862e-01
8.496375869837330397e-01
7.160492793053246929e-01
7.854583543597075668e-01
3.293659295789459485e-01
9.912847156648318947e-01
8.524061247475867020e-01
9.586434074699090591e-01
2.687746234734845752e-01
9.447970703445776053e-01
7.374451025578306895e-01
7.250344211911862180e-01
8.446130183397446700e-01
9.186031935877833066e-01
7.798453736748041099e-01
5.585691097112862602e-01
1.379713370545491147e-01
4.987567388502687216e-01
4.409464311629536226e-01
9.617106848257328533e-02
4.253160596804281823e-01
7.487994036488611060e-01
8.465388615514909398e-01
8.126845180574283622e-01
2.753903220318142386e-01
1.732463526845453572e-01
6.701938470369694922e-01
2.686928249215240205e-01
4.709886804245672076e-01
5.199912949038961729e-01
1.509821758041374196e-02
4.889806642041296669e-01
2.288206610329229784e-01
1.786581182241413490e-01
1.431568970216512415e-01
7.525898048419122910e-01
3.880303204491075686e-02
6.015200825573729926e-01
7.640792570785898130e-01
1.801427977442566775e-01
4.150600227783773910e-02
3.834278025869976014e-01
3.835879546949638730e-01
3.756957847664729178e-01
5.071792000542842960e-01
1.289872972603731682e-01
8.080518727006642532e-01
1.342993986168058429e-01
1.106981936877057260e-01
1.438519372762714355e-01
9.092558149469256445e-01
9.269629098809113454e-01
4.271092442264927680e-01
5.947782296130547097e-01
6.619283306334475814e-01
1.395029759583883422e-01
5.888533451511623884e-01
7.042306288564997852e-01
1.354245594968188637e-01
8.471118092542411215e-01
1.784035944264711349e-01
6.649004576080176365e-01
9.224113141705826413e-01
8.809881617169579293e-02
2.706636573531673307e-02
2.686121961942170566e-01
8.213534368836132860e-01
4.894734570368404203e-01
1.586740166791222872e-01
4.020908051821830975e-01
4.226357791770090078e-01
2.858413372500010485e-01
9.996929180952933702e-01
8.519272072345023261e-01
2.446909393047997927e-01
3.055366441991611559e-01
5.775599002175486607e-01
9.395246036566468062e-01
7.058211951073027901e-01
8.958803242456674365e-01
1.522447146715479871e-01
5.957013129473957003e-01
4.392068779179023608e-01
9.439789634339948998e-01
8.012764306379200896e-01
7.885391252381565019e-01
8.233124465716279428e-02
8.441406079409219387e-01
7.315127784422542634e-01
2.530946493910999351e-01
7.635709866288532544e-01
4.739300869466015476e-01
5.012960767467666834e-02
9.022162832311857450e-01
4.926361404473589278e-01
5.886038544522772531e-01
1.679638349586030088e-01
3.290645189245017255e-01
9.479519259357749306e-03
6.532805921373157076e-01
5.409245880927544547e-01
5.232907462064082527e-01
5.918157984773664282e-01
3.218126325884818062e-02
7.066177127777680811e-01
4.278980629396885726e-01
8.848506859316559447e-01
9.806971293810597956e-01
6.983174656920005940e-01
5.306569271677330502e-01
5.534945100958673647e-01
9.577824688074210169e-01
6.091224234745833410e-01
9.655081872161811463e-01
4.536671454041226736e-01
3.883270361351484068e-01
4.170580994560402210e-01
9.888522373336581239e-01
7.166724502041809108e-01
8.575369675170694261e-01
2.598279722822407489e-01
7.091191294785805788e-01
1.973426737685085586e-01
1.659135647381780876e-01
2.172333123153794565e-01
3.605612393689101580e-01
3.614690634478883169e-01
9.569452465650456485e-01
6.350983617893399824e-01
4.638886262467138977e-01
3.437383516631306035e-01
7.032824443333751674e-01
7.601374113927408249e-01
6.889299387945301278e-01
2.700779737617048371e-01
8.287424407420403982e-01
8.974302961941303947e-01
4.664390039384485043e-01
6.202941560437196244e-01
3.814587679122163344e-01
4.967649524491768442e-01
7.595443604913225677e-01
9.271773628798672950e-01
2.234917736755720474e-01
1.978848814058198347e-02
2.216278380016969418e-01
7.263462922548871159e-01
5.100458693237985841e-01
2.384766942650147215e-01
7.935136289693585088e-01
1.371417651763490175e-01
3.674371787895007735e-01
3.852506660030446950e-01
3.366656619429606589e-01
4.866415143819444733e-01
8.164206873817706489e-01
5.769290912326683340e-01
6.551297870769344778e-01
2.678423611053371012e-02
6.215163909633040218e-01
3.552888733719352654e-01
7.767118575840348260e-01
1.839742814889887557e-01
5.220489640638276141e-01
8.675067676712668874e-01
9.112475150581035299e-01
2.586621337198280468e-02
5.047222204712831228e-01
2.899667972932222781e-01
3.960188340692565312e-01
3.918459206485905844e-01
8.687892490318055438e-01
2.239115102295279325e-01
9.950243006136938462e-02
9.263057828280858441e-01
1.548796560394737343e-01
9.565564134593237400e-01
8.847226799891017013e-01
7.466678830369731790e-01
2.265975243893222357e-01
4.399491265692697661e-01
2.594155143635730187e-01
9.459743329665687428e-01
9.989207587563714297e-01
2.149001590657799721e-01
8.714929049696389374e-01
9.976473951572403243e-01
8.477743719729499139e-01
9.259425170241307734e-01
6.324278077876792636e-01
2.620564280896360287e-01
1.239176730416856609e-01
5.115403841453755041e-01
9.450727297431803509e-01
7.547004410965710841e-01
6.176655333980562990e-01
1.326453309632036337e-02
2.053301571362906586e-01
5.053513719310052110e-01
5.754017243124187608e-01
9.659085022649157581e-01
6.418492942435392035e-01
4.019351565555139283e-01
9.821012610710992963e-01
9.593047026963801294e-01
9.817365063625382859e-01
9.561135105972773385e-01
9.801823487921967892e-02
3.844684087354788282e-01
9.269380675346552412e-01
5.523862352578658985e-01
8.052813048359425130e-01
1.817307521827653538e-01
4.831849001515187148e-02
1.782827373897455381e-01
8.753543287332488099e-02
7.935930105733741691e-01
4.969726225026235289e-01
3.403870530398890315e-01
5.329574271479953218e-03
1.935014315256310402e-01
5.654402588745455205e-01
3.736327673820166728e-01
1.551625061538941530e-01
3.896761658250258442e-01
2.953534548927885250e-01
9.480643439938897243e-01
4.978042676342385731e-01
1.693149850886632724e-02
2.182757782338740071e-01
6.494553028265765970e-01
5.190958977987580880e-01
1.015308367601883699e-01
2.099066844074070071e-01
9.477603662937450490e-01
7.030946044397768935e-01
7.417184740134712406e-01
4.811081791179903089e-01
9.442137572688480418e-02
5.474587808340829476e-01
1.273258278610276406e-01
4.463785729307448991e-01
4.094598318179352159e-01
1.214193825542460026e-01
6.642648807037798697e-02
3.108631468249711816e-01
4.909584214893625287e-01
9.324983266378442659e-01
2.512111932075850040e-01
6.781707973026895875e-01
7.985377678117796529e-01
1.115502598749236185e-01
6.860102121881068715e-01
1.792272954617777359e-01
8.633184513362938128e-01
6.953715970987425221e-01
7.344895701866753779e-01
4.244619032296369499e-01
2.541014724204821995e-01
6.842882253307236429e-01
1.248632813090583271e-01
2.102546383293169008e-02
5.798493179899892880e-01
8.574059447359816399e-02
4.740076794774791269e-01
2.788140246870232097e-01
1.145354390366362107e-01
1.286056451917159116e-01
5.997485175311623173e-03
7.942543456261004220e-01
3.852720665049055304e-01
2.843513636912912146e-01
2.003177375618692135e-01
8.104147931503332680e-01
7.287902663313036156e-01
7.945563827843137306e-01
7.607722410059221119e-01
2.627004627581204232e-01
5.982803353315079287e-01
7.465898637205643507e-01
1.007050388297334731e-01
9.864035949352198962e-01
1.068745188055169049e-01
4.238035908724766543e-01
7.171067980903114147e-01
7.139839805763302794e-01
8.573044733221401037e-01
8.681223034207307121e-01
4.371706432048622082e-01
4.201728318373570970e-01
8.195039824805843143e-01
9.447338272056174935e-01
8.610598993410927271e-01
2.297631523051344438e-01
5.249334121232578365e-01
8.496365570279029722e-02
2.798891903656661739e-01
7.359856633552249727e-01
8.353924843801757705e-01
8.941409829623392369e-01
6.217717539217182399e-02
9.896256268434920900e-01
7.950472045406790089e-01
2.043627119783246737e-01
2.116021196465781573e-01
8.686056977376077626e-02
3.984546512662670015e-01
6.625070826122171352e-01
1.794794186304348171e-01
2.702959604755290624e-01
1.478219607527241353e-01
9.605393016237968595e-01
9.914101150625944658e-01
6.293847641507605006e-01
2.532607152423909103e-01
6.251112009084608401e-01
4.571723949326431669e-01
2.951741651597642457e-01
3.877818707922213726e-01
3.943801959802484269e-02
1.515908293375513027e-01
1.102748992714968068e-01
8.652376296116972565e-01
1.915620582648829284e-01
9.373708277105174957e-01
5.138430705757646155e-01
7.821750106606328856e-01
1.038869263660177067e-01
5.995737993719709724e-01
4.017316537710685642e-01
4.192717456554887479e-01
2.375457109826090152e-01
8.939008468009318475e-01
1.101691255164629624e-01
5.272354984905229802e-01
5.449576075649370521e-01
1.706848636928105512e-01
5.775548414577462708e-01
1.746607724689658303e-01
5.594965726084291102e-01
1.139211039827853211e-01
1.856593608559660158e-01
3.527933870163191266e-01
1.092994202629051781e-01
2.646331005179987095e-01
9.638915068002181785e-01
8.321990935969912906e-01
8.735315087740720408e-01
1.769598156513024767e-01
7.886651115133056500e-01
5.824035098085826867e-01
2.977442308991443687e-01
4.905140299434092022e-01
5.502308032067310117e-01
1.294142648791418715e-02
6.819417357181077888e-01
8.506576892252257771e-01
2.445471374869124803e-01
2.919573831933217622e-01
2.622277035572477821e-01
5.608347867961616107e-02
7.146506762042010852e-01
6.065686854052394494e-01
5.316796218124071327e-01
2.191039789534282578e-01
3.756672489642121082e-01
9.517070640533313863e-01
1.370274870235889120e-01
6.902115394429916284e-01
8.614757155488623752e-01
8.794762929681383401e-01
4.207243006661484097e-01
9.981922735567512195e-01
2.443943818017690894e-02
6.729570678396299410e-01
7.649167212085039580e-01
2.500556453498292697e-02
6.396923099705211779e-01
2.956696882922223990e-01
8.465475864516037730e-01
5.043720236214153108e-01
6.411139359062673071e-01
1.824281764537845074e-01
1.721183198237574707e-01
1.382276793365179168e-01
9.149319644051034928e-01
8.925293061087059554e-01
3.909419264533431360e-02
3.940727160608107349e-01
3.360238180138576114e-01
6.126326924201259683e-01
2.397932347012333709e-01
6.292845145181192867e-01
3.673520218941662696e-01
2.959077509761950386e-01
9.521813811294004282e-01
6.512302073057658625e-01
2.629390885635733976e-01
2.244924610643885821e-01
8.435085182559566297e-01
4.572543681026863815e-02
8.532175460739439554e-01
5.889843411168971254e-02
4.358591664231503682e-02
1.150474075728863399e-01
4.692233449067316764e-01
5.664151018185670239e-02
3.659978042478383431e-01
5.682628242907777905e-01
4.737325008537396354e-01
4.516195197900506608e-01
7.475654431815981216e-02
1.434270731835048940e-01
3.177582315689981840e-01
3.552044722686542588e-02
1.827116389282769093e-01
8.910886900554552126e-01
2.344372219390701284e-01
7.529886764315560921e-01
4.446418931966708010e-01
3.241035688530884418e-01
8.505515003332081436e-01
9.347919382558156354e-02
1.991759579984503370e-01
1.274329754790485270e-01
5.609241751787568120e-01
4.104757527599844913e-02
3.239813173148836656e-01
4.496316174576104885e-01
7.221801573112663908e-01
1.677756670489002344e-01
3.969739624269901235e-01
5.663654689731001390e-01
1.395328241541352599e-01
4.297437559111174643e-01
8.963596210082802607e-02
2.218925329536816093e-01
9.635407245549956201e-01
2.873367983643879686e-01
7.691597460252074248e-01
3.593395616391819036e-01
3.245407950937572172e-01
8.781241421670843428e-01
4.170222862530814645e-01
1.274601290114469876e-01
1.937748060948181195e-01
5.956802946508600316e-01
9.084035062470892097e-01
6.882269460413141804e-01
9.835585008003746577e-01
4.986296807545307352e-01
9.477447616444100165e-01
8.272454445348887964e-01
1.108464317005765087e-01
4.737901908140652596e-01
3.911548528201110875e-01
1.250114945663495236e-01
3.876837193194893061e-02
1.732207944877501848e-01
9.359322687499822546e-01
4.226337834587390319e-01
4.104171837021106661e-01
6.442706894982705990e-01
2.704013640280519271e-01
5.602130903941927587e-01
9.486985621788180945e-01
4.746191793349768817e-01
6.039575529572333012e-01
1.590772077677919949e-01
8.588793178329688915e-01
1.128518542068419617e-01
6.750564428494979508e-01
2.868848117267285280e-01
6.438809816117493368e-01
8.106649514107524546e-01
4.424415797857064181e-01
6.709278276093092463e-01
6.029242567191581692e-01
4.125266240600105050e-01
6.933801532923089539e-01
7.124279582810902900e-01
1.493445447191468212e-01
6.496779602187224834e-01
9.657554779981952775e-01
3.947848469059268561e-01
8.429772180795712666e-01
1.561877762809892323e-01
9.843231675027009908e-01
6.351039103659144036e-01
6.714420606283519888e-01
3.720000876727040939e-01
6.195346168759888750e-01
8.762425659297142788e-01
6.194665332282478509e-02
5.853014959631167580e-01
2.255257178345019264e-01
2.618469705861887764e-01
6.061229277372484070e-01
9.290823545637419967e-01
2.387956586283602745e-01
2.121608064431771412e-01
6.856706069245579460e-01
1.175876948123537602e-01
1.757745307588766126e-01
4.237206648271973908e-02
3.675945294180402723e-01
1.177150687091516046e-01
5.463835647996219125e-01
1.741935373745229221e-02
6.789382830632634258e-01
9.668756367658726258e-01
6.115933490573981501e-01
8.004239935785139037e-01
3.111591004391597304e-01
3.700555295069195560e-01
2.022854825735057593e-01
5.075393400392582688e-01
3.467352096552939189e-01
9.880844426290459337e-01
3.863397075631282984e-01
8.201737803143824834e-01
5.511928373497814171e-01
4.092519268858624271e-01
3.057728608476051324e-02
9.807238317669597638e-02
8.599548182692343667e-01
