9.695156896816478631e-02
1.871842437114036584e-01
2.374450316742358624e-01
2.617188935483963919e-01
1.402713865994416886e-01
3.008896351433766325e-01
4.476366835832121249e-01
6.075868928051737783e-02
2.879201577157488035e-01
6.531253600767730760e-02
4.219989055522178623e-01
6.378848551644447640e-02
2.369699986393936919e-01
6.384472077325836770e-02
4.075113789988162316e-01
2.166944569431649564e-02
3.961327973617880804e-01
4.287517858830678930e-01
1.776069600037175067e-01
5.706434245648087655e-01
2.589908587091452330e-01
5.745346334984751113e-01
4.712208221592809748e-02
3.005026695056176589e-01
6.931221818624776487e-01
9.528279937871456662e-01
7.854753021563001258e-01
2.468751477437792496e-01
2.465406356531534837e-01
1.379314380181412281e-01
4.587052176814706006e-01
4.242313326557703435e-01
5.437612488723480020e-01
1.913587177466083700e-01
1.133438114324416546e-01
1.658327909088216090e-01
4.813998935521628803e-02
2.024987843240380336e-01
4.589428966757546080e-01
7.197320622432240578e-01
3.832543344398144924e-01
1.651871506636206910e-01
6.150080494930381114e-01
1.460134355460392497e+00
5.460548448710658143e-01
6.422083772134257185e-01
3.722273771640559059e-01
4.197390092233385106e-01
9.442733170428159184e-01
1.761663223079198426e-01
8.428062730894669841e-01
4.642427862869693000e-01
1.150084940499067399e+00
2.872846515019509273e-01
8.791860371457893564e-01
7.357180838840980952e-01
6.685502922810421245e-01
9.685382261170518703e-01
1.559934893534975053e+00
1.149350121459441931e+00
1.053806219386674181e+00
5.246949606617420381e-01
1.222266841541727045e+00
1.262168579140855229e+00
7.808498249570177130e-01
7.237621350794242181e-01
3.640009990926214578e-01
2.617287995243171572e-01
6.102518875238309715e-01
5.509981760461278577e-02
3.049063409340049824e-01
1.210160772482817282e-01
3.177207571012766740e-01
3.539864824044265390e-01
9.529850657757165111e-01
8.484908376571981270e-02
1.271251645099072514e+00
1.374735261444167689e-01
5.537528492437316929e-01
6.396717645104988970e-01
2.207723709410893131e-01
1.126219139348894283e+00
1.687847910715127228e-02
1.315714570274985507e+00
1.537879527994787221e+00
1.273695841543545537e+00
9.178367776666335187e-01
1.521509111013058302e+00
6.902060778199583524e-01
1.301027537745517437e-01
1.516955505601033316e+00
2.199190649064666214e-01
2.097385604696937467e+00
2.621253665673814459e-01
6.121758935310461780e-01
1.323457767735630064e+00
3.098996607261732539e-01
1.277938080831270973e-01
4.618222979505591796e-01
2.146850951938440444e-01
1.025145723773526474e-01
7.820527451269208008e-01
1.136140580605093264e+00
1.110755631236424845e+00
6.896196931169809030e-01
4.921154720193847698e-01
6.129555640253225857e-01
1.574763341309409981e+00
1.570254408986370143e+00
4.350591084366230432e-01
2.160387848105591313e-01
1.122195946776182618e+00
3.053561442212481825e-01
4.443101491753291832e-01
8.550575052563618161e-01
4.074407184190291520e-02
3.118791242436290134e-01
2.153983955940738326e+00
1.494185357640885226e+00
1.530002453906715854e+00
7.841673657920141816e-01
1.175469872821367501e+00
4.527366349420037239e-01
9.405879786811446319e-01
6.400073437353571704e-01
1.518273847049646852e+00
6.329548011902538240e-01
1.393958320992494948e-01
1.012776376947832763e-01
2.709537583770407654e+00
3.090862702876571166e-01
2.202224787827338659e+00
5.669223602587291494e-02
2.772519304542594654e+00
9.614159350355115929e-01
5.079780591146541013e-01
1.470260039830076026e+00
1.133463524412208656e+00
2.065543836775397324e+00
1.468109589284872785e+00
2.399847928680505671e+00
2.753426585433990770e+00
1.689979622528878567e+00
6.990478326318851909e-01
1.357445642530772600e+00
6.399967047706280887e-01
4.557093714301627130e-01
2.249997738690451943e+00
1.621814728629755731e+00
1.143674596213337225e+00
3.587293833916443964e-01
8.084684378763420387e-01
1.054487182236129028e+00
4.604848687816998076e-01
1.875323651783742829e+00
1.544262713529170439e+00
8.100252603917456051e-01
3.146009742406936649e-01
7.951191363192696704e-01
8.439951673791334930e-01
2.395969013335407460e+00
8.292607371756205437e-01
1.792688654569684070e+00
2.171782639761238975e+00
2.176107680117250476e-01
2.611746595495227474e+00
1.086446131449207764e+00
1.341784286090353495e+00
2.183871121020860284e-01
4.077652126499039520e-01
5.424561026717489298e-01
5.564440453631127603e-01
2.199553152541447454e-01
1.429251820728303646e-01
1.720136389722735304e+00
1.237750139805289029e+00
1.501910778344520025e+00
2.324858614241195998e+00
3.561533965362334575e-01
1.780239703661255390e+00
6.537744307444435243e-01
8.539466727208900876e-01
7.053043701286022538e-01
1.003625378849419381e+00
1.210908793106450776e-01
1.736218698007302164e-01
2.495865963626955786e+00
9.918296611291678166e-01
2.284118774134167307e+00
1.368392870326643029e+00
6.552995080559097518e-01
1.957744863320578732e+00
1.686125628546882638e+00
1.730181776991851050e+00
1.910251791329284243e+00
1.449475494435559897e+00
2.854163602698657876e+00
1.881414676185950985e-01
1.946406192740238739e-01
1.044259702487217334e+00
7.660395176142934526e-01
1.185756564640751298e+00
8.293180700336820754e-01
1.202342311861716473e+00
2.994095905936717372e+00
1.936828274733015220e+00
2.389447813726806924e+00
2.477846582555644162e+00
2.631088115223685353e+00
1.150023495093668746e+00
3.748830235249296927e-01
2.995263433433379974e-01
2.363467690597877535e+00
1.603516749005796438e+00
2.709139908368511929e-01
2.434775789544930902e+00
2.976781029453846372e+00
7.324742689609996527e-01
1.311072210067314003e+00
3.495338481640101747e-01
2.791531383153252222e+00
4.414398484587930827e-01
2.617063866230223468e+00
2.375747231782140201e+00
9.199924770738450164e-01
5.234963799571275000e-01
4.301300630247116841e-01
9.313883348952171071e-01
4.312191643626679949e-01
1.417301614336708537e+00
1.711558060274067927e-01
2.202204981037022335e+00
3.372259994041537090e-01
1.035172375561179248e+00
7.979191175836088945e-01
1.903232602904173232e-01
7.998785814557106411e-02
1.656532449305104349e+00
2.964243851199195756e+00
2.472156152898040915e+00
2.907994211601929280e+00
4.640214280342926934e-01
2.894960482420521619e-01
1.573139870921241412e+00
2.903487947174037132e+00
1.274854719665625913e+00
2.942539076007042009e+00
1.697426874721123413e+00
1.623138110390633493e+00
7.291945056247323143e-01
2.037613353964530916e+00
1.259637832160073412e+00
8.109259633193095507e-01
1.297677875006586934e+00
2.593671072970056835e-01
2.975578438831160355e+00
2.380603108652418420e+00
5.850131950843945328e-01
4.236789736301811993e-01
1.304665846817941288e+00
2.025316397839663995e+00
2.060324027497822730e+00
4.176450829067702153e-01
6.783324166991408499e-02
2.764726450754249498e+00
2.624424983956571200e+00
2.631508383740739365e+00
1.418456105917812460e+00
1.155995839054087648e+00
2.903241342908272848e+00
5.335934586970364490e-01
3.470374848413781410e-01
2.378800727148121297e+00
2.467221127992497820e+00
4.280003600389342133e-01
2.126675161287337190e-01
2.484120890197527576e+00
1.329195100711985100e+00
2.881212201820438246e+00
3.903420213585914733e-01
2.698786824825930797e+00
1.325784609657364221e+00
8.192773611783120691e-01
6.362972611597133010e-01
1.992932647518093292e+00
1.361871859186728706e+00
2.730742354549563489e-01
1.700629713826110390e+00
2.581167200445807719e+00
1.761346143316334212e+00
8.756679584082766032e-01
6.266573035204346942e-01
1.449683871300537552e+00
9.641513365663278989e-01
2.906015397426111591e+00
6.532383412616437068e-01
2.096490270210220164e+00
2.040131127073090411e+00
2.037471180978061902e+00
2.996578237496352770e+00
1.910461045292251914e+00
1.533647268796549223e+00
2.558187404250574559e+00
1.691178691772738052e+00
1.088121223779623614e+00
2.309091021278438571e+00
1.311000520004403702e+00
1.863791803875856079e+00
1.551123967216701260e-02
7.672168660015989960e-01
1.591404862254052754e-01
3.179423719415717109e-01
2.797239425455956052e+00
2.640980739439234615e+00
9.654518646459835374e-01
2.212454537793548948e-01
2.336260667768855104e+00
1.571762325793530701e+00
3.243758036669360800e-01
1.219554555960084441e+00
2.830894793557712230e+00
1.621679258963463210e+00
2.736195952982400037e+00
2.584376435870523014e+00
2.276609161187764574e+00
1.744295466702128206e+00
1.733404909583264430e+00
1.659197673283459240e+00
2.227179425993288664e+00
1.009794164088132051e+00
2.754554218054343195e+00
2.403206476150678395e+00
1.009162054652581464e+00
2.055440409668221058e+00
8.734241823795541038e-01
1.659886112696789873e+00
2.222215086095775671e+00
9.762721217885832470e-01
1.335116709292736292e+00
2.777620871390026891e-01
1.070508906018187156e+00
4.731429155105491141e-02
1.374113811197346102e+00
1.108194105541278951e+00
1.233359602267164901e+00
1.027991081351503633e+00
8.029091037323136115e-01
1.589553894747779861e+00
2.474145726742588369e+00
3.152678050265710352e-01
1.645912938092281452e+00
2.473334041308613784e+00
3.377846583638628442e-01
7.270019951340584985e-01
2.709261749335127867e+00
2.555689703394371293e+00
1.301267370099248089e+00
6.045544221991303591e-01
2.338772476878450135e+00
2.446972881166487479e+00
1.751206489038060088e+00
2.358320958355874186e+00
7.722483424019567222e-01
3.833149600285910563e-01
1.000227146616921692e+00
1.846207755793432659e+00
2.350273220366556615e+00
9.457164565995804795e-01
7.645618670797147409e-01
6.379914054542958901e-01
1.586263700162353851e+00
2.715449398768674971e+00
7.951783677864836530e-01
2.342778041393206223e+00
5.525949402610856875e-01
4.021837392086033969e-01
5.222607997743421437e-01
9.320616942019722684e-01
1.797502940615614886e+00
2.756632370045497105e+00
1.594830812217556681e-01
2.322148865170749588e+00
1.204930866630381070e+00
1.239197857241577660e-01
1.067973199173320120e+00
2.924521966764472847e+00
1.962109297595727719e+00
1.180971490258964751e+00
2.703896281427804915e+00
1.079120311915358288e+00
2.857133291165581124e+00
4.533695325792008041e-02
1.720503107633498674e+00
9.399936470540524169e-01
1.254027067482824886e+00
2.733766625044443455e+00
4.270695896416070170e-01
6.012694568491673275e-01
2.575186072913215884e+00
1.441941865137797985e-01
1.799566707476156990e+00
2.665444052176298984e-01
2.001137797138368146e+00
2.891209641958879750e+00
8.858109868705908996e-01
2.503057587378317184e+00
1.501008632334730197e-01
1.165142486940540678e+00
1.297199356085205535e+00
2.114902404637727606e+00
1.973676550157253518e+00
1.617399565078345702e+00
2.648094303391369753e+00
6.321792220931915507e-01
1.692248634590637346e+00
6.278185026170837735e-02
2.065170591341964013e+00
7.396225976152035475e-01
2.268129835128119609e+00
2.449493831114758269e+00
1.925443910578000350e+00
9.778455308401499124e-01
2.527265677702383417e+00
6.094366985156501881e-01
1.671584140164945609e+00
1.280153404880804757e+00
2.841031738755841474e+00
2.829841152006742355e+00
7.221993755748107313e-01
1.229448937046646595e+00
1.496606555456681642e+00
2.287960875408271644e+00
8.889453282522922217e-01
1.294191132306895975e+00
7.506910692980534039e-01
8.196469971105561081e-01
3.262016907924101816e-01
9.329375756520059682e-01
2.541111872979989972e+00
8.583594838483264711e-02
9.193282578045186559e-01
1.824551764443869406e-01
2.637102975703561114e+00
1.948431873381482493e+00
2.590226728585471427e+00
2.286994372297338263e+00
2.919068445605093043e+00
2.304873365773378424e+00
1.693647360985217398e+00
2.047002507285445638e+00
8.214117356865848762e-01
2.219931000050742453e-01
1.614786133621517683e+00
2.640156896245573037e+00
5.466125393180381042e-01
6.308760376291402960e-02
1.434480645385112219e-01
9.739109547950300927e-01
9.378810579128877833e-01
1.725632201344935224e+00
8.452210999214936349e-01
1.445020639417860853e+00
2.539159098332252729e+00
1.054427829019747742e+00
2.582488070682498638e+00
2.483748018193236096e+00
2.014669428728222744e+00
2.015081460008776748e+00
2.088235120908887410e+00
2.572930887874078199e+00
1.253992691789595826e+00
2.721447648822852283e+00
1.402608024517382646e+00
6.759243071090140775e-01
8.074057207103791933e-01
2.327942023550430672e+00
2.514234878175563015e+00
1.809280945615066249e+00
1.350932665837131674e+00
4.017598202743624114e-01
2.166104257400552235e+00
2.886960680026263937e+00
2.276463263784720414e+00
1.166271027992394682e+00
8.924311638062274454e-01
8.395396205877000417e-01
2.571509059208707093e+00
1.841950572730485902e+00
3.482616355427983756e-01
1.356087162463237572e+00
2.551207478590490574e+00
4.633292314187683059e-01
1.736374518273498202e+00
2.790258813959120676e+00
2.599622756309397431e+00
2.397850517786411562e+00
1.099985469491830292e+00
2.710465960273323205e+00
1.220074299512494242e+00
2.851229407076916633e+00
2.664330926050265891e+00
2.625450330910460650e+00
9.963198655142251337e-01
2.092193000036921546e+00
8.891914923949454375e-01
1.889119239453542098e+00
1.544197897559014709e+00
1.808657060514112569e+00
2.606815832888895734e+00
1.678946190507221603e+00
1.219673214301903341e+00
2.772981299555734580e+00
2.716814347078494229e+00
2.346607431064263505e+00
5.077979917343073968e-01
2.109278907228228306e+00
2.341706202048374319e+00
1.749902359556987586e+00
1.341608310096135348e+00
8.945288574693053274e-01
1.285653754071967692e+00
1.210746239411197633e+00
2.161517409753574093e+00
1.071426177414645853e+00
1.966213052043892073e+00
1.508205264331857531e+00
2.022112368697515095e+00
2.968855093358583108e+00
1.241350409817345346e+00
8.914492783990314584e-02
1.662089646453809744e+00
1.932662436209988233e+00
7.682603517680185456e-01
1.071458737545934126e+00
1.214461430466632838e-02
1.976990188099142509e+00
1.101404017336384267e-01
6.891100645696213167e-02
9.489156262701752276e-01
2.966243530769593573e+00
1.671940258552369052e+00
1.912916516694911140e+00
9.956354794597449542e-01
9.423059122650145891e-01
9.725495681656323166e-01
2.340008096083304068e+00
1.939131899122070180e-01
1.310021092304460844e+00
8.180442545006324506e-01
2.556778592157082031e+00
1.729781401806829377e+00
1.425780680831582270e+00
2.584476195803201204e+00
2.515298603156339130e+00
5.916234309270008707e-01
2.691255660265727823e+00
2.622494930506132249e+00
2.873488889607301200e+00
3.261663696933083667e-01
2.535369542822822009e+00
1.351775883103792486e+00
2.053933975672170398e+00
1.086252721093545537e+00
1.538540138856334671e+00
2.414847825796660186e-01
1.237285321714218123e+00
1.065906133111166998e+00
1.273997028747822613e+00
1.793000857228980172e-01
2.011550108497633271e+00
1.493583393056592490e+00
1.039325725098298570e+00
1.019411951943116845e+00
4.711865386293395686e-01
4.117630253876262136e-01
2.032005875614535828e+00
2.930172411697933299e+00
7.861208022688508379e-01
5.790380788832596437e-01
1.288666427182689977e+00
1.232398243302179175e+00
2.844266935945799268e+00
2.552867724882066813e+00
1.558813396367316528e+00
5.407616258639005302e-01
8.262263166185362939e-01
2.038750149720427451e+00
2.495649786693169503e+00
1.075289549087534047e+00
1.552267946413670163e+00
1.893377350952079707e+00
2.332252853798147729e+00
1.011989112565374604e+00
3.179230426834290246e-01
1.274251287118467246e+00
2.441562895526979027e+00
5.669193685347839740e-01
1.044589633928247663e+00
2.239062194143785156e+00
3.603540368451479958e-01
2.885522366504751357e+00
2.716699054989583750e+00
6.716247651901676718e-01
2.662746778458885188e+00
9.303890900842035627e-01
1.933256326196516328e+00
8.204152344943314024e-01
1.166494419427880125e+00
1.061926692992721133e+00
1.258820185532437907e+00
2.005030943606387339e+00
2.666566104439002327e+00
2.862287794016554088e+00
2.638176032861595743e+00
2.350198579913513441e+00
5.914311441348494292e-01
2.005081415089720487e+00
1.849249307812139254e+00
1.030486115806981795e+00
8.824570829651990911e-01
2.101438320315106356e+00
6.104548689428539454e-01
1.074681243583889501e+00
2.437513725662454611e+00
2.143421395933240436e+00
4.361481445948279800e-01
1.890333958821449833e+00
1.425450597672276665e+00
2.625016907683892065e+00
2.479725440203258024e+00
1.511316183081381492e+00
1.826730651143868789e+00
2.331709207769764536e+00
1.453438410508661738e+00
1.071935707046207664e+00
2.881099766656324945e+00
2.107611156898776983e+00
1.966799179370589679e+00
2.015955113490797146e+00
1.002544252108733769e+00
1.513490327888012299e+00
1.464458236717249839e+00
2.546400899335011569e+00
1.139744555473579668e+00
1.428202851183312472e+00
8.562892795121873624e-01
1.439958721376559225e+00
2.319274609040964386e+00
1.450300880491615985e+00
1.137431299522264849e+00
2.980809167044021990e+00
2.798047375228678746e+00
2.452987192985951026e+00
2.822979822237474234e+00
1.664866567760343141e+00
2.729951798534640428e+00
1.116108031934701428e+00
1.099477503466436801e+00
2.822422509805072366e+00
1.946118657725895984e+00
1.430987967775599889e+00
2.062944334333607799e+00
6.899891484228977134e-01
8.368544474119248011e-02
1.804908422495599796e+00
2.877379493097929064e+00
9.479598867176187715e-01
9.330900822823109397e-01
2.184724833660779186e+00
2.736514430481841398e+00
1.539452444423916155e+00
2.995624202987234419e+00
1.925261199979403148e+00
1.625329477215099461e+00
1.061936819772675289e-01
1.364364698794189978e+00
1.933643202922004756e+00
1.551897634724279884e+00
8.911798952670052509e-01
1.285519997860715025e+00
2.411280050238398420e+00
4.624780877366870269e-01
1.925336636496601583e+00
9.099379455983767073e-01
1.098479619585394085e+00
1.256797444545683096e+00
1.234055194271772127e+00
1.465895197217676582e+00
1.435025027776627660e+00
2.909217009439898582e+00
2.266778976589777894e+00
1.031742338107799695e+00
1.788259443934694159e+00
2.114253892316658501e+00
2.823937995869278073e+00
2.975571343130788193e+00
1.701305384049223823e+00
1.640631558691533876e+00
1.712575809081818834e+00
1.434331977995604523e+00
2.318725730360416737e+00
1.420181082152907948e+00
2.147549846427192932e+00
1.155815032457068403e+00
5.632525856104885625e-02
9.585431989375883255e-01
2.672709100042068631e+00
1.741582193263239153e+00
3.096787661974394479e-01
2.058107528631225591e+00
2.651312703719669095e+00
2.605494207858521261e+00
9.920708486099613088e-01
2.548258057508042018e+00
1.133861065244820665e+00
2.202309015830054673e+00
1.475113008570269502e+00
2.022778987381071314e+00
2.013145294796791163e+00
2.262202769323133911e+00
1.791660026491741942e+00
1.405909200037879225e+00
1.155053838310395209e+00
2.826544298150683421e+00
1.512388616639065653e+00
7.609800416356630182e-01
2.014872947503040912e+00
2.392439217850478084e+00
2.546103699797345854e+00
5.590329243880854948e-01
2.346992629697461918e+00
1.237109360743609221e+00
1.327819338398982252e+00
2.344154646721988922e+00
1.003458710155311628e+00
4.982578099089035595e-01
7.591135925085427116e-01
5.372733070378920006e-01
1.279847125507860284e+00
2.150640364615250544e+00
5.524076935767752161e-01
4.701446512209109946e-02
2.457966995266529064e+00
1.647367430094939911e+00
1.922680571510030578e+00
2.710606353554391390e+00
2.801387547342728990e+00
2.009800312175965331e+00
2.862033323398131213e+00
1.969370546003135214e+00
5.658447928166023821e-01
1.305873588434645960e+00
1.099189940706642776e+00
2.686764691168589958e-01
1.266229751225028455e+00
1.082094564713384388e+00
2.555726816809988478e+00
1.496915799522282819e+00
1.337746301168085683e+00
1.839673505511383589e-01
7.503371333810443522e-02
2.840537262040495836e+00
2.478232538815413388e+00
1.391258146350647040e+00
1.911918974343805200e+00
2.263509695829365231e+00
2.718463318632753367e+00
1.714584408033753116e+00
1.009785455728688497e+00
1.561018768781829769e+00
2.184495709829719079e+00
2.433034393330875123e+00
2.629066793051386242e+00
2.023795153545749681e+00
1.134037161162035012e+00
6.096115103448430661e-01
1.945383217886696103e+00
2.188041341364491021e+00
2.085226928646690958e-01
2.782116203479649386e+00
1.280700570466039911e+00
1.977687075246276072e+00
1.145974495614468402e+00
2.149079593697146962e+00
1.857768284299017525e+00
2.601376696353892459e+00
1.827168822909713830e+00
1.811396612767528724e+00
1.404460433486295345e+00
1.031407719223897290e+00
2.110984545971169801e+00
2.039893589260516560e+00
1.053168833482724720e+00
1.952793200714214139e+00
2.557629312643973307e+00
2.905864240857154446e+00
1.462650607669362612e+00
2.876049019896724346e+00
2.195886906500269742e+00
1.775341605546637558e+00
2.336063633240920812e+00
1.621608323395882678e+00
1.182476278998545044e-01
1.305161476915523977e+00
7.722727754146102574e-01
1.796457934457491135e+00
2.546774071640478976e+00
2.369930558646249352e+00
1.086164402491579944e-01
1.202289794637946940e+00
2.098726262530431708e+00
1.187009794777319049e+00
7.742967172193452319e-01
4.180537868238183297e-01
3.514055956984504098e-02
4.467009242585714968e-01
2.299521727730216902e+00
1.653012389174524088e+00
1.985383223311536716e+00
2.773852201078399027e+00
2.473133817433910142e+00
2.643778974182914993e-02
1.530344896201468741e+00
1.908672097279215052e+00
1.797994976678897849e+00
1.468554018648139836e+00
2.387520881587522403e+00
6.046564608467117630e-01
1.594039991337481421e+00
2.138762672571668411e+00
2.202225106179867442e+00
2.017912870737788467e+00
1.349771924423721625e+00
1.957732580213848772e+00
1.902690769156168304e+00
2.001869048541723206e+00
1.164269459024634079e+00
4.438236988736254385e-01
8.036629356516986622e-01
2.898411981902770052e+00
1.842021364871065936e-01
2.748250309444770334e+00
1.801483472866534097e+00
1.933198599356822367e+00
2.724983910755780503e+00
6.515974823793934112e-01
2.447208210888691671e+00
2.506289126748332485e+00
2.680778728386938425e+00
2.053480917314283616e+00
1.512677609837205228e+00
1.421550448607894257e+00
1.118771437701915783e+00
2.157707862910930086e+00
2.122199916430010713e+00
1.314490378331949927e+00
2.634717636128630858e+00
1.155304073582778424e+00
2.315910138850905131e+00
1.859954884388469676e+00
1.251697657730120594e-01
1.909579118326253599e+00
2.946640765917225124e+00
2.454058109732015325e+00
1.768804288701477656e+00
1.756289667595716697e+00
1.931459953647722827e+00
2.977032624179422715e+00
8.899492487026350318e-01
7.743236242815330073e-01
1.305992402183188572e+00
2.522541197034902538e+00
7.055168489280289057e-01
1.889305372119422621e+00
1.243992940287944465e-01
1.949777133494301262e+00
2.779324563986291796e+00
2.949310435226487837e+00
1.367736662958468852e+00
1.038352559092490690e+00
8.652674965383163608e-01
9.480685341684277345e-01
1.416200903723730642e+00
1.739712362329558948e+00
2.441800626541807961e+00
2.567430490750603145e+00
1.559576206641508200e+00
1.257169121778135334e+00
1.238598056657301161e+00
6.160733034513142803e-01
2.973461504647783915e+00
2.625068955488431666e+00
2.632975608701880521e+00
1.983212552554546315e+00
9.846860086200902584e-01
2.318385949573285476e+00
1.737772522210695225e+00
2.948382500724735067e+00
2.644348190923326847e+00
1.859492810449018263e+00
1.035277794665849793e+00
7.828812859611352648e-01
2.834278356962856016e+00
1.524281625322202238e+00
2.819498955794793371e+00
2.762764268672241119e+00
2.669678036724094095e-01
6.750702106692096915e-02
4.574753661844057073e-01
2.086210037835777964e+00
1.507171218684832281e+00
4.661649151638909139e-01
1.859941558594239597e+00
1.413062251357257715e+00
1.710798466637436066e+00
1.051205945739118741e+00
1.955817627021432026e+00
1.901035401528498259e+00
2.549547896377052592e+00
1.225470026194104972e-01
2.302912240704799274e+00
2.087792679312907573e+00
2.029687307480071645e+00
1.521527484559887400e+00
2.433720883692133352e+00
2.624997768879647531e+00
7.461206480556444864e-01
2.730210632060001696e+00
3.711868639279989890e-01
2.849511497193563780e+00
5.806127323285878994e-01
1.672553071246735579e+00
2.816072955858113236e+00
1.579437844158271709e+00
1.837165138190082425e+00
1.149315762724623768e+00
2.091945410984917153e+00
9.690207194380332512e-01
1.008120922297088828e+00
5.796649612026998355e-01
2.481796789314269613e+00
2.740295201965737171e+00
1.559571321645170316e+00
2.823102316979045678e+00
2.440916217921336173e+00
2.705804031934070597e+00
1.654342627424128409e+00
1.104098397375643748e+00
2.219763774557695690e+00
2.699049185336428014e+00
3.353220558212909319e-01
2.410884754978023015e+00
1.998393400547953669e-01
2.767830609232924122e+00
2.089554211655851645e+00
1.230113145212125669e+00
1.084967928190399222e+00
5.691233812597462638e-01
1.512664911943492507e+00
1.790645785624505715e+00
1.738656791893143483e+00
2.869481658070359487e+00
2.638979172393243644e+00
2.583692366419938935e+00
1.412791767790646802e-01
2.564224214321589645e+00
1.939915570870161421e+00
2.056844677085323259e+00
2.089257298429330501e+00
2.183426966432443272e+00
1.747397338815702250e+00
2.092342304193812730e+00
2.202772983987054456e+00
6.485533488100913013e-01
2.275852902159632762e+00
2.436632269369253478e+00
2.409299707123884748e-01
2.958226552459988223e+00
1.038341915833642215e+00
9.912140306720461647e-01
1.012990475285443503e+00
2.898201094256875887e+00
1.392738267669326957e+00
2.106232151903855154e+00
1.695868344853074472e+00
2.609708111622969895e+00
2.786579325406326468e+00
8.399046473836849769e-01
1.806022992406112415e+00
1.398935889646114816e+00
1.684236219862956574e+00
2.839351605243320975e+00
2.698663253895238867e+00
9.405457198966105103e-01
2.235129833724464277e+00
1.917110518304431244e+00
2.156740813342937102e+00
2.018403936122021847e+00
1.024026091703204466e+00
2.423528989858505955e+00
