time	0_8m	0_8m_stdev	2m	2m_stdev
00:20	0.00730218	0.00474221	0.00724741	0.00472638
00:40	0.00770658	0.00484369	0.0084384	0.00645981
01:00	0.00636708	0.00482485	0.00740303	0.00480057
01:20	0.00604712	0.00410156	0.00969243	0.00712262
01:40	0.00683607	0.00458835	0.00800222	0.00518628
02:00	0.00700115	0.00350873	0.00931028	0.00587402
02:20	0.00682676	0.00423964	0.00732386	0.00448636
02:40	0.00567745	0.00360363	0.00808962	0.00489731
03:00	0.00643197	0.00453274	0.00778791	0.0053217
03:20	0.00688966	0.00484878	0.00845789	0.00566072
03:40	0.00595699	0.00358109	0.00767455	0.0051478
04:00	0.0058558	0.00379639	0.0080619	0.00413494
04:20	0.00603542	0.00314539	0.00921361	0.00360851
04:40	0.00687222	0.00500019	0.00773777	0.00482028
05:00	0.00604735	0.00392514	0.00776293	0.00397824
05:20	0.00631123	0.00322991	0.0082175	0.00399726
05:40	0.00700483	0.00244554	0.00860555	0.00435369
06:00	0.02385556	0.01754443	0.01013742	0.006092
06:20	0.06038138	0.01888913	0.01734541	0.00895862
06:40	0.03731036	0.01306806	0.01972777	0.01158539
07:00	0.04382996	0.01766084	0.02449092	0.01604478
07:20	0.03354506	0.00606495	0.02119718	0.01047583
07:40	0.02974246	0.01037448	0.0180191	0.00820536
08:00	0.0470897	0.02077378	0.02090942	0.00512626
08:20	0.03998756	0.01487323	0.0256174	0.01016306
08:40	0.04031298	0.01490146	0.02438338	0.00653884
09:00	0.03086612	0.01072512	0.02560996	0.00690621
09:20	0.0405574	0.01702339	0.02592432	0.01496367
09:40	0.03515808	0.01245481	0.03207198	0.00731625
10:00	0.0387857	0.01796104	0.02907448	0.00841771
10:20	0.03568002	0.00963879	0.02838494	0.00560978
10:40	0.0412178	0.01023613	0.032152	0.00838117
11:00	0.05498672	0.02325156	0.03502964	0.00476277
11:20	0.05516968	0.01622867	0.03405846	0.0100896
11:40	0.0521181	0.01287212	0.0342142	0.00913184
12:00	0.06340052	0.01673461	0.03458274	0.00822215
12:20	0.058805	0.02686592	0.03809368	0.00894473
12:40	0.06766256	0.03333012	0.03538182	0.00940551
13:00	0.07109266	0.01314251	0.0373936	0.00859847
13:20	0.06804872	0.03789624	0.03785964	0.00445884
13:40	0.0794598	0.03707775	0.03322824	0.00541614
14:00	0.0605646	0.02290877	0.03933564	0.01195617
14:20	0.0547396	0.02732958	0.04076028	0.01228717
14:40	0.0433713	0.01828938	0.0334685	0.00565131
15:00	0.05250788	0.02473455	0.0345639	0.00779844
15:20	0.04690948	0.0169923	0.03649718	0.00801113
15:40	0.0344279	0.00948174	0.03209214	0.00600728
16:00	0.0295163	0.00584909	0.03052372	0.00385613
16:20	0.02426458	0.00231716	0.02822336	0.0032768
16:40	0.02439712	0.00229858	0.02855566	0.00299263
17:00	0.02461416	0.00143979	0.02857524	0.00231027
17:20	0.02456182	0.00192407	0.02812938	0.00210966
17:40	0.0251203	0.00247054	0.02797278	0.00267286
18:00	0.02501464	0.00347035	0.02781272	0.00306588
18:20	0.02417312	0.00281518	0.02916194	0.00367722
18:40	0.02380786	0.00225574	0.0280193	0.00304172
19:00	0.02347916	0.00269296	0.02753494	0.00349227
19:20	0.02395002	0.00263873	0.02750396	0.00348332
19:40	0.0237133	0.00182748	0.02671724	0.0036085
20:00	0.02275936	0.00282991	0.02641818	0.00274747
20:20	0.02317282	0.00320918	0.02597004	0.00337889
20:40	0.02257154	0.00290269	0.02603652	0.00367559
21:00	0.02277646	0.00283301	0.02606462	0.00253632
21:20	0.02390394	0.0029482	0.02566036	0.00310885
21:40	0.02269308	0.00296131	0.0257299	0.00387584
22:00	0.02254636	0.00264109	0.02515742	0.00356111
22:20	0.02262606	0.00278844	0.02523502	0.00396432
22:40	0.02177986	0.00262513	0.02436662	0.00280118
23:00	0.02213264	0.0033939	0.02496102	0.00321091
23:20	0.02151558	0.00290272	0.02484894	0.00408107
23:40	0.02209436	0.00315023	0.0242946	0.00345254
24:00	0.0212905	0.0031416	0.02376798	0.00347713
24:20	0.02136922	0.00302404	0.02521378	0.00503448
24:40	0.0219001	0.00305114	0.02387688	0.00307282
25:00	0.02108138	0.00264666	0.02397428	0.00339924
25:20	0.02084458	0.00220373	0.02383098	0.00353859
25:40	0.02130404	0.00255445	0.02374416	0.00310597
26:00	0.02072336	0.00277786	0.02323552	0.00315204
26:20	0.0200181	0.00257097	0.0232619	0.00328781
26:40	0.02027196	0.00287348	0.02289668	0.00326542
27:00	0.02081032	0.00354192	0.02254128	0.00315357
27:20	0.0198234	0.00277729	0.022604	0.00312711
27:40	0.0197509	0.00265734	0.02270078	0.00304951
28:00	0.0199597	0.0024911	0.02222006	0.00304995
28:20	0.01996968	0.0027534	0.02279528	0.00340029
28:40	0.01957426	0.0023494	0.02188098	0.00268815
29:00	0.01958674	0.00249747	0.02195066	0.00217879
29:20	0.02018876	0.00327564	0.02293668	0.00207488
29:40	0.01932778	0.00257103	0.02178664	0.0020841
30:00	0.01946848	0.00249876	0.02161878	0.00205315
30:20	0.01898642	0.00239151	0.0218638	0.00237685
30:40	0.01880972	0.00236827	0.02159532	0.00213088
31:00	0.01901628	0.00267259	0.02200434	0.00186582
31:20	0.01878336	0.00223772	0.02132522	0.00242798
31:40	0.01874122	0.00254102	0.02107086	0.00226982
32:00	0.01893634	0.00231766	0.02126142	0.00276007
32:20	0.01841246	0.00218765	0.02165082	0.00361733
32:40	0.0184452	0.00240021	0.02110802	0.00238898
33:00	0.01804318	0.0022967	0.0204673	0.00247195
33:20	0.01823264	0.002469	0.02090494	0.00240892
33:40	0.01850724	0.00270683	0.02053008	0.00241597
34:00	0.01868034	0.00320257	0.01989732	0.00220832
34:20	0.01760598	0.00190143	0.02038546	0.00226006
34:40	0.01786	0.00202252	0.02027568	0.00239125
35:00	0.01751052	0.00213199	0.019484	0.00251774
35:20	0.01745696	0.00195947	0.01944906	0.00232661
35:40	0.01766598	0.0024228	0.01906912	0.00189528
36:00	0.0176423	0.00218879	0.01936474	0.00239388
36:20	0.0169893	0.00181583	0.01895146	0.001794
36:40	0.01734932	0.0023489	0.01871792	0.00188023
37:00	0.01690222	0.00228251	0.01881004	0.00204208
37:20	0.016897	0.0019699	0.01941168	0.00207059
37:40	0.0169144	0.0024013	0.0186957	0.00226642
38:00	0.01654364	0.00191538	0.01835026	0.00233983
38:20	0.01650948	0.00222188	0.01809886	0.00195547
38:40	0.016363	0.00226991	0.01823102	0.00207381
39:00	0.01623054	0.00198465	0.01888906	0.00272995
39:20	0.01640004	0.00198131	0.01837088	0.00167676
39:40	0.01588296	0.0018501	0.01784248	0.00194519
40:00	0.01620898	0.00149306	0.0178965	0.00195557
40:20	0.01631226	0.00238873	0.01766046	0.00168954
40:40	0.01591072	0.00213007	0.0182111	0.00220864
41:00	0.01629442	0.00104494	0.0177494	0.00194289
41:20	0.01555998	0.00205243	0.01761294	0.00214219
41:40	0.01522986	0.001753	0.01803722	0.00231236
42:00	0.01580156	0.00197683	0.0171877	0.00228915
42:20	0.01557642	0.00235743	0.01711718	0.00161742
42:40	0.01513166	0.00138971	0.0172901	0.00247197
43:00	0.0159118	0.00272376	0.01722932	0.00205943
43:20	0.0153585	0.00168432	0.01813626	0.00340691
43:40	0.01530714	0.00185307	0.01746942	0.0021482
44:00	0.01519404	0.00146696	0.01651978	0.00179476
44:20	0.01527276	0.00217686	0.01714526	0.00175267
44:40	0.01525174	0.00242035	0.0163858	0.00191284
45:00	0.01488398	0.00197404	0.01659888	0.00193504
